80916
83139
60776
35383
72979
90423
55058
3604
30931
69695
49665
34606
9738
83502
28933
99204
11525
84540
90724
95185
24493
21334
63627
76335
87692
90398
88421
85255
42762
16998
10921
57335
76112
46981
65869
37662
49549
10164
26937
94759
85430
13416
16279
34255
45320
21132
26918
14548
14250
54362
83629
34781
74862
18390
69612
49312
70710
49958
75630
82516
29267
57522
19772
65428
49960
89236
12683
79563
33613
80124
11125
27074
97584
30563
67877
11780
29749
23242
58956
7531
7646
89615
32432
85129
27942
42634
68004
66292
69832
11722
19475
40174
95901
77895
93206
85616
55265
49124
70853
92915
46775
4963
71018
57915
95587
79460
98353
81761
36373
23004
668
89467
13702
27118
38834
26858
12346
36936
94903
94079
56454
47837
83415
39242
83275
87610
79004
53601
59232
87367
82816
94282
45006
78909
40188
25574
58484
24990
60766
5337
99531
44885
59289
25242
1764
88203
46582
75635
83502
22435
42985
4661
8947
68275
40254
60156
82210
59231
60658
41594
87431
17268
7743
43747
12278
64989
26831
33461
95367
48613
36721
2049
67036
81451
66088
42874
66398
72059
66849
85881
49028
17230
65213
99595
1653
81760
26221
35416
59269
45866
70556
18416
52764
35708
49350
3539
42452
10329
57862
28445
95969
39374
55884
53261
19755
65264
96718
72369
41014
89105
91093
8880
38819
92863
80313
62963
50639
43193
63271
17553
42329
33839
18366
46261
60289
87125
72921
87374
78284
21091
75558
71123
88804
24076
25717
61009
24028
26777
43085
10386
29362
12706
67832
12523
68557
59464
28735
15555
23461
78450
31696
35067
89761
83074
41851
5023
13404
96594
8092
13415
55041
2417
92083
49290
74486
62100
13232
31136
51189
80027
45865
32433
72788
38209
46766
6400
46054
90591
26611
93838
25819
59198
29196
32876
48578
51734
25720
55168
79535
13864
73556
62419
19480
94485
45617
19830
48345
95737
69663
28206
80855
61608
82312
14531
15234
7491
21401
97696
91155
27670
59515
15688
35861
22385
29312
726
67264
26817
73721
44526
38944
13930
18340
37606
18836
6276
96131
71787
14578
48816
7176
38353
20393
30165
61868
87930
56830
42714
55391
97730
11032
5890
35833
54565
60663
25280
11855
49646
12030
37109
48770
51740
62225
41261
39729
84435
34362
43570
59246
7165
91590
48139
51182
87547
57196
70102
9786
13996
86990
80189
74659
79416
41880
43351
47250
14905
46021
26942
58109
29191
54112
73992
84566
75519
52680
8676
81278
24687
13805
3827
45142
39136
39671
25921
79286
35104
63623
55806
76790
97804
75285
78846
59593
69015
78711
18953
43562
68793
39235
87007
16143
43670
11435
41772
63354
44201
1032
92708
74767
1389
1266
79771
50015
57033
14475
10435
52194
37078
30971
1859
87684
54606
88982
26929
52086
19634
71546
97196
7045
91959
3317
61976
83720
5391
44963
52342
34354
1936
21364
47135
62248
23587
84236
66334
56365
14410
42821
32263
13016
86767
92591
41048
14119
43942
52023
92490
64525
69950
58757
7123
46823
10121
38911
31388
10380
39717
42123
98426
96450
84358
99410
65836
11085
1826
34240
88879
32995
59993
7944
87937
80411
92415
39557
22960
68068
78632
99835
72094
69042
51983
50459
68180
92787
48418
35621
54208
98879
27149
20328
36556
70606
54529
23941
45564
78275
19969
17490
87620
62086
62761
73434
97156
26480
11900
29249
24033
41471
81288
90053
32384
37770
18680
18241
23042
3854
87414
18475
60759
45926
62618
70397
83232
5721
24596
10385
98053
65869
95826
64549
56016
31386
30862
49310
53892
64858
28376
17320
90749
79164
17595
74491
98917
99831
430
47514
78992
16028
73145
72853
36501
62148
2754
67247
2570
90568
8787
44026
29339
92976
10826
75421
68070
4419
37245
64087
89302
56253
31975
80670
32665
63391
26164
47136
7040
29215
66917
81739
27348
35616
19264
95368
25007
33245
12119
56961
27262
13631
92947
80835
52049
56974
48636
54719
77851
39460
57352
78987
57453
91485
56927
20422
30346
86315
41511
2456
98150
83974
68848
47511
4128
52128
43101
59686
57369
93078
50253
23704
34543
12674
53638
82354
46683
31437
15390
94831
22371
995
33669
8125
20285
59263
61202
48356
56642
30341
15496
49607
61642
78190
32196
67747
92297
85630
63014
41012
19045
54289
55802
69495
4531
59636
91906
97514
74094
67729
3457
21872
63987
89122
81255
64497
20795
73222
43348
40765
83958
54673
95403
75313
5888
1501
1493
41266
85379
82719
62350
20919
23017
1813
20496
57475
37340
96891
67545
21903
86013
82364
73308
44358
38045
28742
3778
61002
53562
52886
50906
10357
53913
6034
36964
58874
58557
58806
68342
45065
74402
97894
63753
67185
22265
43907
78467
15199
17984
10713
82625
40453
54076
35476
56897
93591
72758
5618
87018
20910
9039
43764
44248
39919
80161
1038
72136
21382
45012
53758
14396
66507
30810
92729
21035
14119
79496
91489
36360
3312
87217
7059
96333
82160
96896
5724
82917
84996
59601
33292
33683
10656
47885
60546
68354
74288
66433
69191
62761
59769
79706
28919
41434
11037
10815
16666
39624
63166
90666
62290
16883
60602
29348
22668
58258
70804
58332
43736
72635
38483
87140
48630
26641
82084
16361
53094
80011
35707
74093
14722
74397
80471
37538
31464
30374
5219
39364
23854
27157
87768
33044
64250
92216
49024
33293
7658
87458
77013
51109
23885
23000
1512
54306
38229
98873
86078
57174
9988
99304
83029
19384
22691
54263
3460
83488
84594
23858
24352
17439
6201
58180
72987
1657
85501
34634
89574
3296
90607
20915
42423
33390
1630
31408
82118
61566
26156
50078
62930
61384
19454
81932
61601
7608
34861
45707
64004
4233
70042
84946
68248
74371
11519
89131
59369
37581
14528
85918
81777
57361
33376
42359
10847
87180
40271
16534
2898
87214
27137
19060
20452
34004
18810
19597
60516
25919
53510
4910
86683
12496
32645
46683
57808
76195
76003
63517
58056
89893
34214
31399
32261
11828
52064
78596
80591
44146
26917
21087
44816
70468
61078
37359
56120
33357
83036
73788
97025
25890
29456
74226
4301
18794
26806
37761
16236
79028
45578
73038
48122
7829
44179
23610
32357
51772
27701
92557
10956
29620
88675
43327
13858
97942
63856
69475
66962
54951
69158
39536
57373
30101
98160
70349
69183
94154
54226
952
71055
7659
58744
41619
99877
15664
24300
59627
63030
38495
97537
96679
19066
54023
67245
95785
15759
13270
79571
87172
85238
60183
83422
26203
99387
95788
63562
49233
56531
32932
59867
69395
53342
42682
1937
61598
27563
15914
79348
79086
12347
19183
21609
10180
30877
58942
8199
96531
17081
81049
14467
12135
87400
80369
18727
33650
56768
86171
97281
34900
78414
73901
35543
99175
23420
51094
77337
91205
53554
9847
86447
42934
5816
39074
97201
54905
87930
39565
59606
87630
16260
22995
70435
25406
94253
14664
20517
63688
27152
13302
54746
55817
89812
21432
14442
7
89998
74483
59539
84058
61
95372
94721
5816
51155
75914
63037
76827
59219
56361
36284
69809
84661
90168
9369
98015
77095
88848
99037
8658
94574
8721
35609
99877
19754
39418
5974
51144
55767
78917
81028
14547
92335
84125
58575
65415
57549
5852
69616
57053
41517
59590
75168
76877
99344
94844
97095
957
24251
6109
41106
77188
64638
80095
32162
73178
14642
65414
76289
80798
76572
11487
6512
35235
58574
12284
23164
5432
24077
44461
37391
17683
48461
31990
7235
4729
80440
41970
41681
40140
77101
78820
68264
60594
88805
95670
52857
77406
37490
79281
28846
99965
59616
311
87003
95551
53885
50464
79981
17407
49781
68239
17566
95153
88085
46192
20555
78215
20241
20272
15101
52449
12034
63001
8899
56591
50439
87401
33825
11139
97580
73806
50786
34360
93480
32256
17224
12633
52032
94746
19908
81583
14793
13142
55201
12203
96427
25829
88955
21644
82304
78472
1965
24878
8252
28495
2280
82704
54439
2027
76447
18687
17798
49009
44895
74276
84471
35757
41948
48742
41115
89504
9223
42974
32174
49816
87644
17334
92273
66667
75447
18108
77801
24688
11494
45865
75968
15482
14682
61448
13226
83409
40215
66629
48738
90191
90891
22548
24786
43252
82011
60955
5266
13126
97657
48349
68903
5032
14450
4644
2445
97910
86820
39722
42703
63770
36684
75908
41523
39278
5661
80748
38195
37391
8813
98697
24262
87899
57705
64221
16061
76935
72777
6475
61224
95518
94687
9251
25017
10778
82504
68459
13889
87160
33797
64811
94103
57820
27651
17685
21815
68896
55478
77072
91047
97114
80676
85664
60052
56105
16158
63251
41083
14139
9706
1994
60803
16767
16251
60514
80008
46721
13698
38334
23347
18280
7774
67891
20068
20872
24750
23695
90258
35652
9960
40967
26121
83428
16418
4508
9970
10542
84397
50089
25488
4964
71777
58796
35654
53914
97811
79406
28183
95859
60388
32497
84901
27351
34195
45653
97691
91475
58707
68807
19462
13645
35575
12614
41662
67649
41545
78003
1890
94301
2650
3604
47617
40598
50131
35429
22389
23365
59594
63805
85066
26242
5297
8024
53213
15323
6025
32102
13855
70257
43220
27631
56953
85007
26535
85313
71145
47655
58878
10872
78506
98187
81001
36456
71058
57541
56452
17066
46356
91540
23717
91105
48166
85891
56494
96744
57342
16872
26563
35225
10421
35382
18229
33148
68813
55007
54813
80747
3663
40777
30724
70015
3149
44683
39999
96824
41702
88741
52920
45133
87656
79258
16199
83342
94191
72843
1280
35987
39435
60400
52485
91748
86848
57589
85660
5571
14472
55696
4892
48537
40595
6395
21697
10364
85038
64786
71455
88058
7489
38058
29202
10116
3923
99787
69908
71290
48872
20268
24328
54255
3882
6282
26100
65433
56165
91236
44875
31639
1996
64822
35080
53919
15930
5456
94935
12099
87795
7635
14093
68191
53609
81511
99128
90850
2650
92508
14288
48407
58646
38491
66509
33487
2398
54215
58771
92396
92968
17750
20616
79564
12895
78694
25446
75248
36519
34974
85323
47144
24671
24770
29261
89406
11327
77394
62636
40635
70273
57536
64128
21881
4124
6668
31601
26247
58507
32605
5446
55506
22188
44958
76181
13462
21892
20435
15832
20449
69631
84983
75169
6080
33270
38132
7844
48169
11210
35869
36467
56323
34444
427
95111
55414
44351
19474
17337
459
62549
71520
21169
89439
25045
44370
17206
28970
86206
80178
32388
87878
34086
23312
48764
5278
91708
82684
97365
57076
31979
64734
84720
74095
66719
28786
54889
25440
22978
68995
10697
71759
91615
6723
8697
12935
60616
95268
29745
2810
13459
47254
55118
13426
2207
97149
98465
3510
12372
47246
72868
80213
73641
56423
67209
50097
83839
9896
6219
85451
88874
47026
40229
63400
65423
5658
929
93597
66217
46633
61768
14492
82726
68659
37464
76506
43727
66195
58709
84316
42532
26431
29878
39262
93541
18477
4032
67775
89422
29314
58448
25516
76762
98930
61809
2824
92520
2490
32557
21653
91643
55061
86144
65602
42331
34110
52456
94161
93081
52611
9785
93124
77135
87139
39374
97603
35878
98084
8890
11820
99793
75891
82012
9079
2295
16153
81296
98629
68782
38742
28289
1797
79523
7804
76221
3938
80918
91147
41826
57709
9601
20676
74964
29442
29401
26029
37424
2585
69422
60768
54970
3404
91981
47888
91155
4960
804
94745
12519
85010
86373
67714
49474
68447
61284
87218
44643
79823
22426
15756
6152
88320
46636
91465
21961
6379
44422
61681
96961
20244
6113
85173
42278
52979
1252
81740
62490
11098
98726
18087
6746
79299
25809
60723
57299
35448
68418
2091
92885
38078
77997
63992
65280
38910
77086
36294
23163
32529
72442
50435
34211
42664
9636
77399
97536
56118
26363
71099
72724
8090
61409
71031
30060
10764
7542
75228
32505
5667
88291
64155
13336
95009
40018
97344
94349
27548
80698
39790
71151
79434
68793
36920
95388
75208
1210
15898
61069
6919
49751
8530
50213
4468
88056
78238
66947
91426
95832
46802
95318
62197
40904
62294
96432
32814
14861
87226
28211
69998
18597
72535
2025
69513
67975
59076
78032
27209
6312
85105
37073
87164
26
97348
18641
95419
50351
57581
69889
60023
60251
22856
83792
86754
96440
47343
24929
11703
97762
78745
92407
11080
53218
37107
75916
51458
4521
75290
50849
17119
14962
88690
63568
60455
11178
91781
85341
13252
32939
30459
33291
53537
5827
20211
65067
59677
79156
69308
91470
68626
4629
31698
53468
33149
8310
3576
12477
43274
69633
76846
8213
97469
81051
84239
82221
87390
91369
36202
52556
89410
60976
32699
82597
13491
80949
42662
3145
54428
1379
3151
52349
80882
11402
53560
93894
38242
88804
69336
18145
33843
20276
38836
21263
25112
22664
32157
9613
45717
55741
16327
44418
77418
98721
62241
53138
41825
99187
20501
26896
62736
94535
63485
53616
18220
50341
29824
24697
34378
6161
26632
4858
97427
3910
9217
9204
22339
57660
82353
57428
26238
50568
29614
71332
87376
71682
12960
2423
55071
8066
28277
7395
65200
21220
24186
62572
25234
13867
42557
4378
46474
49121
19836
43948
68572
52027
65257
54374
14100
7547
40541
37734
29934
26960
96565
75477
12200
86841
63502
10264
53505
89990
57209
99014
99822
4447
8667
53364
10489
98974
4547
13708
51542
92631
59464
797
15492
9464
28255
8587
72444
56747
23286
35431
89882
4024
44048
50201
5
65735
13885
12345
10620
88100
33141
73502
72222
52379
37906
45134
31350
26499
16263
53300
51074
84887
60544
51823
37374
94143
62007
88518
55314
74477
27248
31194
98165
16163
29522
87700
20124
90099
31843
23518
4610
4542
3614
19694
34870
98365
61715
83580
34588
66366
85564
78740
53249
58086
55960
82247
11103
96373
27654
31548
50664
79464
1631
24292
21106
15255
84463
67883
89728
23870
95986
76298
24905
18009
90600
17978
73384
21993
35188
54947
45535
21331
72119
78642
25032
29864
46723
68073
61913
24927
40511
7952
65875
16317
85783
7785
86792
7895
18812
77409
43142
69775
46815
65443
35172
26522
43173
29446
27272
70978
43784
25191
27475
84007
78219
51889
70442
48576
63703
36952
1698
58079
99638
24358
73446
58387
17291
41709
13736
47527
42732
17083
98242
16743
1854
9611
76775
76771
4908
96279
68684
74764
88067
15339
40524
1436
13356
15222
80604
45618
48038
45978
89356
57786
3040
36386
34678
20396
86993
29587
89831
77995
16692
92251
14599
20013
80515
68166
16135
47642
35918
71280
31941
13677
86264
32853
3455
47543
88847
77315
89842
46051
95846
7537
24205
23413
33712
83369
94103
83084
99067
60224
79866
15622
86151
6023
79530
73955
42146
22234
12406
93249
11265
74997
68394
79782
36477
55527
4062
3133
18919
21182
23679
22743
1481
81154
48856
8594
84155
34142
88381
60344
61695
34584
66963
64478
91737
68194
87775
84877
15566
201
96362
69086
75897
49291
68397
73181
11172
40582
99903
39984
70089
75083
51000
5041
97796
27857
15969
10359
788
3973
58651
43763
15503
57951
2472
90294
511
94417
67321
1968
92733
96408
53237
52275
75944
89429
74019
61078
80514
51701
29205
69109
31464
89868
28113
18390
84267
34305
97181
37735
14000
98915
75462
42498
57984
70009
58956
7442
29068
50006
29678
64560
81186
16043
84077
28582
13861
21687
44416
1204
33387
42074
64980
38385
18872
21191
81565
25641
79154
62967
23198
52613
26466
33178
52689
64073
91238
20073
58931
59158
18549
69527
33583
25776
55216
69830
71045
38937
30849
41237
44631
97212
76307
91863
95664
43398
32622
85439
80977
15663
26829
57591
33370
59287
99678
88400
23089
41451
82037
65780
21170
61766
54317
86423
89523
41556
78397
89260
35698
94610
7474
15668
85181
3953
82862
52625
47070
9690
14493
18649
36161
13771
34800
89189
40068
62463
84281
62281
35546
86572
26977
82334
17339
56614
86601
56667
14156
68769
61307
75267
70406
948
99116
63255
86950
91768
51856
75084
34640
783
92954
12919
15072
35682
25647
8261
84303
24899
14022
79239
81247
20977
97246
11563
29860
95194
44859
76102
3534
28699
57919
3917
79095
66114
85825
13218
64165
33621
83277
63979
20540
46667
93016
19327
22531
14231
55134
6714
40754
13638
10809
70320
92501
98302
23072
74366
18207
97382
4058
4380
9071
16101
77053
96366
89239
2050
38792
75322
47151
98410
62969
16276
84693
34545
3499
95636
79646
71503
47120
98602
63070
74796
37031
98760
19536
25878
90490
2845
90210
75566
61015
4609
68769
86212
3561
80428
26012
10423
72274
7810
74103
65246
32423
17257
18895
69092
90696
4155
65892
78190
72635
12438
13192
31544
57092
23985
61699
39838
8610
70410
78016
66487
29960
36762
952
70971
47159
65449
72153
77157
8373
60094
40882
65907
83629
5519
16638
27690
67555
70743
63786
76599
51409
85989
29061
28880
49986
58449
13123
30265
43914
59817
2702
78019
64513
83146
91625
44270
2875
25163
6338
2895
78213
48370
83348
9901
4445
63146
53302
34214
45742
79500
27844
21710
77447
5338
29160
50647
27319
81131
44548
89036
55880
76352
96382
10967
64277
62229
44328
10755
41033
12083
96460
58395
3253
56931
37841
55953
1869
54653
45708
64283
24991
57534
43557
89656
85297
81016
53572
65105
20599
60227
32313
71226
79502
33521
11078
95799
26104
90880
87145
80124
21428
63528
53161
41260
80313
70516
81372
84323
6639
11245
18386
48943
16266
31890
27010
35065
40355
15588
72688
28290
57621
81566
74455
97448
83985
53090
1432
4392
47263
34958
27743
32285
89874
35405
70991
41254
12134
48713
906
46374
88440
80190
49214
44389
322
27499
12623
81236
49745
28418
5373
99566
6245
55391
3026
53401
70789
15605
94186
58476
53149
41027
32863
31531
47989
31397
13456
76141
74351
49639
76942
33215
72572
83028
87171
69313
5627
17165
83423
97550
37487
70006
33728
45785
94684
8746
69053
63058
17022
96334
82447
14984
80678
56419
21245
51689
39954
43573
36642
50565
46248
79313
10653
88881
98031
59027
69589
86279
70730
65405
87559
4042
83633
75267
92718
24935
28109
9059
54541
75415
11024
68051
6715
99041
86223
65011
46412
64764
94270
51905
24024
67218
61574
39371
34507
57056
77061
33822
75048
72731
91394
6077
99227
65100
64171
61102
27449
94876
16365
38735
57110
75819
94927
69094
26115
26425
70860
44054
13025
24199
15179
86156
23367
64824
53948
82233
13611
23282
63410
36827
92113
15905
21367
64819
31246
46810
54896
24539
56151
65084
50831
945
70859
59922
19535
9356
43673
95701
3119
85776
46607
13519
65582
15868
80353
39227
58815
17440
32434
25288
22057
31243
92898
31964
39678
15267
42997
8693
85110
21646
98907
22539
54023
27373
5281
99505
38883
88713
7347
98746
89871
7333
98732
69464
79483
84467
8892
42239
57154
74499
55892
91529
24000
7317
87889
43634
55211
29135
65411
44644
55279
96075
50457
88045
65770
15272
14859
54572
49825
37025
59428
84586
75517
76474
54634
56037
51462
34998
88970
29000
77626
82310
90277
29590
42505
37244
85585
61926
10512
27389
72269
25544
55473
53781
31334
75622
34827
84709
86847
75430
38587
17527
34656
63659
76751
41906
76285
31291
72035
20233
84833
1339
7770
90637
55032
77398
25370
13443
66102
46493
57476
76209
19495
56488
47758
56561
99412
86106
61535
65128
21486
20227
21415
19088
37531
57824
94680
93841
98842
28541
21797
47791
76244
66938
43510
89917
17889
55243
50405
61071
10548
19129
97656
82157
94277
53926
47483
76227
43577
1934
47801
2101
68527
27880
75831
42672
82793
94572
26029
98428
60661
46671
80642
11534
73591
90730
84195
38521
59094
29657
24223
19428
28000
54015
29058
32151
1370
84582
54060
69487
50375
14244
98125
91505
10900
90105
18816
43963
18878
32533
71841
95062
39521
25942
59276
45384
66207
82223
82292
75781
84521
43525
98844
81254
52716
6643
6613
69106
77467
9837
62389
95224
72916
22241
27952
3071
914
44249
69942
90325
45359
76445
61609
83939
53236
29110
16889
74113
1694
42350
71325
5990
94926
76274
13360
17272
91790
19481
76422
92258
71675
26462
92970
85188
3571
44745
37526
80419
76316
50765
32493
86497
47951
43562
5720
60135
66463
58994
46395
88447
82122
26121
13875
17215
60699
53957
2479
91327
8441
15381
89096
27756
23247
76350
98879
60853
65273
54945
29553
79522
32648
89592
92249
81924
92914
17631
67106
54279
14745
30415
98663
20901
93110
33989
47946
74868
83554
38466
50253
26175
72097
33132
21456
7571
89067
36241
76967
32623
43096
29227
25079
1887
38983
8479
99662
65058
57260
54304
73788
3398
14612
13168
7025
7574
31542
35367
82324
29962
61847
33932
41502
47292
60474
87232
44625
443
84738
63866
23224
47096
48902
64493
86684
98878
26320
8453
36991
39295
51057
10608
19801
93769
60101
14906
83469
85271
49822
2609
26792
87651
30256
70375
74773
57210
46680
67926
31295
71272
59081
85726
25060
16658
8021
64265
27315
19811
90421
28399
52482
51294
57301
22069
74318
86770
3455
29393
84303
60107
98754
97289
22263
88581
48351
8313
7592
87868
71023
98162
62223
88767
96692
43168
79521
31747
99131
9636
59152
65779
28939
1376
95849
82692
33069
36594
60910
47559
73175
95735
92779
9560
37911
79505
119
85108
24
33187
79593
69031
28660
32697
70004
96131
55799
98340
50305
18956
14283
44291
7976
54545
60293
93693
86218
99861
60940
34379
77709
89451
10849
55699
58613
6944
24495
71375
81724
64914
76400
56299
84302
40127
13018
95885
65731
31896
36069
96560
18009
50996
21177
66376
4046
21985
80600
66666
34199
77749
59813
804
22304
24899
76144
36455
19873
93800
75360
61797
3352
82085
98523
40149
35145
10856
89525
28916
21167
10019
77938
4901
16349
69790
33018
99865
22134
36487
98584
35594
45477
34600
31534
18049
92122
12049
21529
35191
49058
11188
36445
96217
81314
22992
41773
59204
81999
65221
6873
92080
30028
21191
26484
25450
30785
73997
56704
3577
12533
66248
26777
18721
9352
24401
66907
95238
4016
75195
2448
9032
12366
60648
43610
7661
69771
12344
71129
7101
69140
67163
40474
27431
46799
73288
28701
1120
48537
74406
39809
45227
83102
59527
67054
18004
87028
71029
18334
99063
72981
71748
8168
34110
89623
89480
56299
1959
9705
1215
5204
19139
45612
22190
91692
74587
33580
87626
42497
94254
38297
11853
41168
45845
37702
77801
85163
55271
21341
80248
1036
75768
10077
33105
91606
22780
72818
9463
836
65994
3280
80779
43954
57563
33355
9794
31844
32466
51765
18002
64630
10613
48629
59366
256
23802
256
58224
65126
91133
24215
24222
93594
86189
65021
66501
89006
55271
90707
85178
21146
44601
26514
12608
92454
81321
80453
4571
54805
90510
32832
74595
35758
77916
99584
19540
33960
7325
93313
28994
16145
15643
22038
89418
67067
83098
35145
50884
87651
73250
48495
75893
68032
27930
89382
99136
81061
11312
90381
68124
74386
53013
2753
72545
99037
69765
64080
8028
77401
46628
36828
4962
28576
19812
78766
25953
29795
56323
19027
75538
50730
87825
22520
12459
32362
40144
65021
87057
30690
61876
34489
13322
44785
2121
58475
99857
50297
33172
40599
14018
54056
63698
3333
17909
47817
42652
42354
65991
49830
96268
89329
87188
73879
12986
41090
60482
16812
83871
62605
96406
49074
474
24124
72041
96870
55824
98034
9973
27284
30670
62827
14122
91818
81579
5905
78014
64542
95305
19864
23456
29528
96282
8407
83629
13341
99006
51139
20380
35162
75306
9578
80692
72137
44677
16937
18909
91875
93549
80714
86515
39554
18711
22622
97847
66450
44146
60755
20929
39219
13516
8594
30096
37645
75311
95832
30305
47697
74948
87374
28190
64616
65879
90119
63661
34459
99930
82837
14890
43773
78628
62857
79855
21081
87826
26149
26351
89107
80781
35456
33218
8382
52620
6837
3802
44538
31856
22344
7061
62151
74765
80087
95147
9322
69033
25688
7111
88635
18269
36820
41459
95529
33912
61824
66795
56203
59203
46996
55604
8676
77887
35307
67174
61649
27211
62421
451
16754
9409
73948
77836
97202
19680
78033
29769
37045
11940
97330
88037
82654
16049
31451
20029
91066
94127
95621
82093
28300
57487
14335
60139
56278
29900
91688
13871
98624
76973
35463
52719
12840
24007
40551
57834
54471
86047
30098
33306
90556
21260
26408
74124
55351
12635
32572
21964
4900
78668
32427
5785
27345
74586
63482
84727
53662
95256
6796
51140
21953
44503
49853
37698
54898
17732
92989
36339
50554
31374
96492
26755
88531
84773
95214
41279
6235
60798
21964
96547
67483
61267
35911
24241
60046
76999
3257
16766
98353
33735
67658
15174
44838
11980
89771
35264
19588
92573
82707
29708
77086
3954
36980
18536
52110
99891
11545
73154
17982
12542
50526
93320
97267
5384
34924
45147
20759
67675
33168
66466
78081
65117
98294
30715
85667
66193
35879
62412
53936
37527
31708
91896
43432
25102
44990
87373
39201
94266
45852
53657
49523
15009
67464
47645
79425
32943
70735
69850
64991
27865
57266
4232
47524
7326
97509
50406
26157
73354
13828
81995
10603
3348
10573
36923
41931
58791
56862
20309
2561
84222
10476
39561
1936
3432
32701
44295
65751
40556
39715
35986
27323
62566
80533
38548
16077
5070
363
65291
56600
14970
17046
7553
24298
17722
74041
35225
61180
52001
59816
2405
37376
7171
15228
44341
54918
44314
56240
66282
74059
49091
9788
53960
74622
25957
56651
14569
63344
36081
56091
42735
33688
17157
38064
76882
9536
66315
68309
7479
89167
13407
89520
94273
23700
40909
61281
34817
23244
73752
71703
65097
57808
37208
83279
75327
69086
66779
79946
7949
2146
26092
64297
88308
27328
39120
43303
60065
63073
48845
10356
23128
15384
11845
11914
57517
21904
78657
80590
88082
36628
53289
51268
19977
73338
18927
815
40571
35756
2763
30596
2882
67349
90465
94890
14977
29093
9791
58288
50707
40513
99138
42762
30976
55498
45816
41802
73676
95688
25569
95383
97706
37682
88207
5741
18575
70173
43532
24336
27968
39871
51482
98606
49037
1279
68213
98993
3543
66011
85269
41597
73388
86644
47504
40428
61780
91354
85596
80291
7300
24592
69234
41425
20111
21532
10510
76964
22876
60685
4915
12103
45363
64905
21067
91868
88241
34130
48076
85362
88636
59637
72663
89379
61744
21711
14393
61965
61015
84475
33556
41835
46167
58524
2456
9455
86565
9860
13675
48062
45847
96479
22312
89160
90327
87871
22755
75810
23572
42724
21579
40610
34067
57768
43912
10358
32642
17892
95427
162
11885
19362
73445
61748
87530
27201
20024
68645
10062
97438
44521
78735
42242
56838
97775
24261
2289
88020
63430
11604
60088
86024
13684
96692
51968
60487
44940
586
98280
27945
77713
97246
37562
89475
41650
78867
66912
95377
86004
40936
86768
20512
85229
58379
44739
62133
77740
55093
86819
99966
25399
75014
71618
41011
18412
58557
9416
51559
31273
52211
8964
58769
82119
73685
28259
13010
67296
84221
65631
36514
25969
57388
59630
95772
92475
18854
30588
32002
25924
87241
11763
3982
91578
12171
37302
58711
83128
62704
64365
60636
49921
61989
66523
42416
18600
87196
12939
87586
67026
8356
79113
19527
69620
81763
78445
95654
90230
30483
84529
82944
49369
70391
8228
24251
90612
86681
6072
73418
63194
97793
38133
76090
93016
10292
33808
37562
18426
43654
23159
64040
46989
9277
62051
15860
36575
83428
85616
81652
72515
8648
24936
7172
3120
19347
63547
66167
91177
83778
47243
52190
90711
36037
49892
59732
68787
37971
84009
12068
79456
97960
34249
37111
35604
99036
36241
83166
74455
28416
36731
21112
25221
19959
75267
39936
80750
94031
66266
45239
47036
38524
61748
24585
82804
44879
55004
10270
93333
42776
44168
56000
4670
96117
65927
40772
96492
70933
7958
87543
21889
16045
41170
45702
57888
64438
51591
57162
48917
24322
28647
36814
40338
70105
12183
40094
78451
78644
45379
10414
81507
40917
94866
57508
86456
54433
27540
62339
19353
49019
62488
71573
38271
4767
6713
78900
21849
59159
91640
12501
55210
42909
57414
33745
10254
74766
31736
38513
82170
95751
2717
59190
60480
66431
82347
27395
2386
12641
53557
57447
23710
36324
90201
55242
13175
81672
89717
85012
21972
97904
69114
70100
43538
97590
56729
77716
79861
57551
51930
29783
3531
76029
82956
35083
47825
84747
19510
86545
5808
93320
3820
85701
9791
5507
478
37388
38732
70303
29162
5466
12884
59443
49521
29630
73615
38881
42950
29322
86602
89968
74659
55938
36236
45353
84438
48160
19578
74859
99353
162
60630
66059
68511
30833
18497
51755
3658
46382
12609
51285
37210
2171
39742
79253
96672
26884
71911
85169
42544
95464
39922
4581
79381
60648
49376
34975
30910
17354
91870
45844
79030
11338
72808
19805
70577
25182
76872
6353
80835
3909
22204
1152
73643
51659
65366
17034
55308
77595
81020
14138
52732
30082
2608
1058
60149
40859
69194
13588
72840
91453
10785
21978
29202
52253
13194
54418
74759
24097
14295
28842
3435
10947
90240
64116
45984
29950
23678
87654
66137
33304
56852
31728
48812
57611
33897
5499
12262
24273
56688
88667
52633
44300
72137
42064
3057
5648
73568
543
94084
84654
33362
92552
93479
90237
87120
56484
6077
66439
23037
73436
75242
25709
68017
34665
8934
53432
68864
55683
99694
43390
6517
95016
4500
11820
31223
14796
85078
42038
95790
22199
33772
28888
53375
66976
97147
72968
86450
54980
57894
4859
32469
97986
92261
59568
8441
64982
30830
79741
45114
43376
74031
37268
94588
21776
52829
88785
93457
51841
12326
45571
83192
64047
69091
27700
70143
40678
49962
72759
38249
17704
12736
82317
30378
97707
91980
75828
75695
78253
69766
98541
33050
62420
68526
49864
45067
92039
61561
65518
62267
91554
24517
9963
36034
1498
75086
34678
92184
12110
40826
52926
34393
87109
2830
15411
17921
73098
15652
97901
66326
67329
50228
83453
62501
81189
271
70543
15237
48223
80170
77176
67864
51365
19319
24962
71088
33613
24848
75185
60526
49900
63885
84817
93637
96687
27861
39006
82269
54101
32080
97232
69620
18023
13275
48897
52927
73653
94645
89404
79662
39119
77142
21891
18701
52540
87392
69373
45158
9658
5069
85370
24772
39283
5736
61060
86035
21305
43544
52101
39011
43326
98422
25647
25516
53010
92351
74316
23627
54681
81413
45730
50442
12680
66273
62562
33789
24572
34403
56238
97321
53176
34730
71845
88319
99897
85870
54604
13414
84087
81242
79866
8087
42522
64408
83360
19330
58614
4645
94835
7533
92197
53347
7607
98653
28736
24237
79274
34189
98298
51973
70123
47931
32280
68362
39525
77122
53233
32453
12540
27362
23294
76930
30194
1564
5981
25339
4694
34969
48872
21840
41674
94059
72621
90835
40879
75403
59210
33696
36175
60640
11336
8298
74791
77985
13008
15025
40143
26674
63342
27695
46663
1387
32097
16721
15488
12247
58939
53091
12165
32375
77884
5476
76036
44710
45061
50905
31292
35960
42843
79293
70052
3195
36859
16630
62038
69024
9844
14819
3382
57939
27205
72209
44355
78949
58356
55277
48825
65067
63048
24948
37345
32511
44164
7238
78422
1284
84193
5880
77748
12552
58246
44041
56894
24290
90087
63693
50796
88794
99159
25445
74224
40680
38347
20847
39715
55540
9996
50777
27377
51069
43064
14097
44670
8341
21270
66552
78579
1417
64597
44566
85897
24831
71584
52935
51089
24632
59999
95826
33053
70164
99021
2778
49263
94805
30930
50093
55964
69340
5916
43833
70076
73232
29791
45247
89328
68893
15014
69344
73584
88600
21076
43189
2033
20769
17052
16955
37200
88065
537
46826
33566
21331
11915
75142
84647
9919
51823
33422
9984
78753
63321
14610
42541
45960
80593
26370
59852
47419
50727
77058
21153
93078
71380
80633
81919
73458
35630
28073
34256
51010
28776
76345
32737
60089
82884
75117
88525
24906
93014
64567
18949
95687
14230
34823
21784
35339
30625
49342
71141
883
32397
13056
72026
25446
73959
54248
47079
57398
13931
67221
36
52767
86367
99042
21532
63052
55181
17876
99573
87353
51995
70508
52733
56658
43944
69020
28051
20347
92709
46583
78670
62601
66445
68352
59342
41133
29890
9124
59677
46097
14022
99748
18690
8507
73364
24299
1314
8110
39449
69758
33683
91248
54385
57905
57598
18823
89506
14134
67504
31324
49551
67536
4766
89857
26554
17542
76146
1230
90906
69842
37686
25639
52404
81945
71996
63130
59769
84790
33959
79013
98652
14319
2266
80052
2638
31017
5531
90056
27416
8440
5572
38323
31092
62094
24422
97375
63017
19476
62713
4206
56865
47318
1221
94972
90088
55065
44902
69697
20419
63048
51360
79540
79243
4844
62239
7913
72517
75770
67688
34906
6879
64326
51138
53187
16904
213
26715
20359
38669
28144
47416
28433
81228
19188
62941
29333
68055
17702
47413
65076
422
86757
18975
97214
58073
1752
6805
68146
66473
68134
11610
16481
68522
15748
5983
81521
23712
31176
70354
96093
42042
53693
62819
98426
559
67056
47732
50516
72051
3910
70749
50038
34742
40272
55002
89193
70138
80119
36977
79860
49392
12178
6179
28673
94189
42327
25071
84609
1614
28109
47517
56869
76165
2847
66254
78253
37438
85389
21853
43934
59123
68605
41618
37644
63751
10287
3587
84984
31939
83725
72007
9138
8524
4321
68601
33503
9501
57185
58437
96885
46246
59558
9138
45252
93761
34875
86572
3119
76460
18352
71501
62392
64424
33421
65479
87833
21165
98660
67440
29582
84040
3935
11627
95537
44850
76313
17231
68669
82894
89673
69334
49588
7070
91608
14820
36892
38915
29652
8082
7300
48239
97213
54358
13124
35176
54332
62257
59362
87132
20340
41652
8849
90876
88752
33424
82324
21334
99004
66425
62113
61075
13584
19510
66304
9705
84359
25959
3922
2430
22222
29715
72015
70138
91223
51501
13319
12199
82413
11171
82538
42632
99266
39619
49892
47187
38341
9322
86624
44492
46607
96427
85965
33664
52028
96152
17534
5211
73654
61871
36842
83654
82157
28676
53300
11360
26372
10535
96198
54936
64613
4370
31062
56324
18548
22066
34507
88865
69088
59087
2232
19208
89046
45145
95494
52489
66160
38673
77969
88135
57867
42513
70505
51536
26710
66617
64408
63831
64774
19895
69219
81359
35782
40498
83850
27430
34028
83571
24105
77723
80487
70097
62465
382
95732
76856
78513
12771
14896
92692
61021
72323
22760
97984
56017
8367
27820
49349
69023
4721
88418
8977
4612
67713
70838
30838
425
71744
74831
9500
63108
43509
19485
57925
19327
72546
49199
40090
36944
54370
85921
11031
21480
17249
22354
48271
2152
71000
54803
63677
81836
99363
92603
79433
51211
28545
40760
59860
37239
65575
25537
25024
57343
61474
18727
38462
29876
89831
37449
84213
48041
75864
79430
67436
35411
32246
77740
64244
58896
23934
41712
82229
27108
42977
65495
29588
42142
25763
46961
74685
93913
36592
28037
27123
54814
7318
48615
93681
77159
43907
56167
32476
6815
19644
28579
967
33733
29366
2972
19010
25230
35157
8614
30944
57418
95615
11960
75428
27583
88796
10436
96264
33106
6925
46785
12457
93925
47685
90435
50834
16570
12392
7884
30115
95285
2527
9148
85693
27487
19541
79716
98509
99047
14930
7545
24563
28515
37681
30819
97423
15956
255
71989
61351
15847
68723
41143
71862
41496
6149
74238
564
87602
29580
58174
18110
38609
31863
65782
4002
19496
26567
91689
40842
63869
17192
55085
95586
67058
85963
36380
4039
76672
54337
47240
31471
24956
13846
30060
60591
65531
99335
25213
48588
51026
76001
72447
10913
66005
87288
96628
6858
44193
77088
75151
83883
86902
69452
5959
76769
14588
46593
64199
33666
34950
19093
25410
20115
71220
77770
63843
71654
75762
99489
52803
38990
27934
88412
29908
1729
95047
4309
19962
79560
90065
57460
14714
54214
55765
45297
31498
93443
60612
44870
6663
42420
22540
20496
22886
70568
71316
3042
10274
33969
41089
81638
31956
9197
44091
3089
97985
57297
37098
52482
33805
94449
86746
46615
35085
37294
90077
47147
39130
76668
86511
59312
51041
30351
62645
59301
82456
64546
41183
18836
9451
95363
99949
80843
98196
20350
43437
74260
51209
5636
5986
53779
71984
52760
40128
83100
56365
34231
91732
49871
9308
673
98561
16209
76281
17064
54149
39016
25436
52532
63034
56402
26627
99568
408
19587
81992
31925
59735
38425
17874
9520
88082
60957
38727
62483
30248
8121
47166
18037
73789
52752
79122
43014
73661
21119
72403
77748
24640
73838
33111
78451
47688
29682
42958
64428
36967
94306
38707
37285
2654
6644
3838
22217
91712
74228
21462
72659
11894
93696
37508
27420
89691
77859
74178
85375
57703
16268
34995
57542
19209
40394
64716
27923
39726
70054
58704
84908
93182
95581
3385
94435
89413
82585
46002
92481
29039
70763
16738
43695
39629
10343
47778
7233
61236
93115
17968
86143
27588
44077
80412
13617
36038
76753
4735
70855
68911
24356
68940
22850
3009
9479
75711
13923
56273
28667
57394
33581
42691
36022
34350
23161
48369
83648
63006
73879
23211
63533
78814
95515
58712
85654
37971
72075
36122
59830
95797
9380
7952
57982
775
72484
17973
65141
26024
80312
97349
41616
50977
96290
13920
42506
29054
10438
7431
37536
86714
90897
48548
10796
72306
40487
1382
38107
11900
8776
48841
79117
70065
54718
45716
55849
57669
25253
89276
81754
49752
27031
52454
3146
75204
18483
68330
66810
79670
55785
81075
61019
74682
69509
73794
19244
52240
3318
99187
66832
71227
12282
96951
3275
97047
25736
99488
75609
90666
32409
92219
45419
63027
28435
69432
33151
60991
13300
59365
99386
12123
68375
95224
96229
99236
81222
6987
99266
26234
86237
32642
47561
40243
7223
6728
81411
62604
60087
8087
51554
76729
79508
81911
67163
41054
14434
86589
94113
9366
66617
2197
43551
35280
58756
8795
46162
75194
11753
50306
80737
74326
85968
53847
83386
20681
72337
2944
15210
19090
79742
82270
65240
25880
25962
89394
23678
66844
437
83964
98021
28909
74966
50782
43676
88026
70148
62271
91126
16354
25120
88779
94685
10471
5442
48312
58710
45281
4478
17923
2227
61039
20051
86937
17742
75305
60272
69202
91785
8241
72579
58455
37471
62919
92768
25316
98854
99131
47946
27113
39364
88222
87297
30250
56075
77841
58984
84006
90195
46719
44593
74741
33682
90215
78600
76843
70522
83345
63705
32601
53039
52481
22846
18738
95363
80841
97993
1099
58576
42009
30762
99708
53682
58578
67326
5731
32926
5273
61845
24072
76259
41575
13182
48026
77884
9980
27601
33304
33198
90323
28024
3341
57476
18097
55835
82034
49861
61303
41991
62263
69295
69560
61434
98045
44946
24164
61517
24794
63723
15746
16990
44991
29115
46012
95161
98902
36388
37972
31619
23589
74656
79253
65315
24496
21021
60836
29070
63611
39705
4821
79373
16908
33814
74714
19564
33743
76186
38966
66177
58643
48581
59536
33399
80050
89008
57443
65015
54830
83903
31730
94226
39286
95522
56217
17133
84040
20398
73278
81290
64368
73842
40007
14767
13583
78169
16613
92277
55991
15324
49453
87886
76338
37761
68584
92564
21091
70036
49664
94059
28996
52000
85467
57170
26542
40329
45092
94123
31767
68873
74692
43364
85750
21542
57552
49761
15394
58381
88828
50152
18008
65805
49645
33129
41403
92050
940
48392
47446
22780
19511
34472
88381
58203
21553
15894
97170
5642
85594
78479
92931
22213
65657
71759
75440
59400
72309
77527
93706
92933
69571
57594
951
64097
59482
73828
14418
58732
90082
20584
93040
92028
10507
48964
39357
64421
34906
71219
78789
20567
62014
58767
7823
50995
38337
64640
67683
51659
62202
28582
30411
37013
13951
77695
11288
85900
88439
39413
79516
19428
17006
27079
24308
13320
24513
84498
49385
15345
33977
75356
96780
6885
37174
60285
2654
8553
49632
523
3442
52836
67938
96928
21546
47890
11859
89514
80894
70178
57033
66543
29691
18925
38130
6202
27367
66227
75773
93543
68003
35124
1939
52454
62570
26023
47876
22255
68150
81627
923
24963
63426
76359
89683
68283
56777
75696
36963
18096
95341
19191
3572
46438
57780
67772
86932
77877
16685
68339
65667
30197
16624
27905
19883
13477
59140
76723
72877
8920
71322
36635
17173
27102
30006
3753
57103
10442
16590
27106
79571
46085
41258
49055
32444
58798
71659
91268
94903
47371
22185
44219
67159
79377
63157
29100
59269
74541
34749
59420
64244
29101
38478
50560
10611
82477
78355
59836
98267
67617
96283
23612
36008
17948
45401
67245
29413
88859
35237
35865
55424
95282
34336
14942
29948
26288
28948
15242
54629
40657
91994
58613
65695
75200
7893
51899
63895
167
96476
10229
14619
49621
47669
47154
30917
44042
51037
31447
85746
49282
13540
21968
6961
44635
38357
50033
95319
40709
17043
29967
12816
9286
68734
91956
28912
21607
37365
46242
97863
87134
34454
92167
56690
57720
94753
82233
16206
48227
4282
71823
40296
46805
96429
3196
40944
30589
26540
19849
64396
56292
54516
33997
16969
51871
48942
28267
82252
73364
26705
70153
56870
551
19076
2216
53062
38048
54529
78085
17384
62490
43158
60043
30411
8458
40869
41234
79905
98186
50635
77656
45279
9953
21533
75034
85268
69905
30830
39568
32023
59773
33485
46018
13305
66389
24715
15403
58297
40863
62587
72745
54646
34308
29298
23485
58911
68884
42766
17957
31238
822
17747
78643
66164
78161
30960
25034
8054
10736
59489
67317
83444
10965
36429
79684
56994
20573
80655
28547
54128
21835
71122
88121
96892
48308
15093
42682
39079
97095
43726
46793
60293
10423
73482
73902
36526
56966
9171
61296
86897
72367
47627
62927
90409
95760
4629
79168
1895
81811
69267
53254
69614
119
19049
37897
59678
40544
57248
73814
53833
20823
34663
23251
53537
64799
50612
77821
57938
55286
60105
11168
39468
22723
30001
4114
63288
75202
52777
14284
95915
81578
22267
47558
70905
58456
72646
55502
30433
96249
62010
90917
92903
39353
77983
56438
88479
6595
35797
26804
32004
48275
66997
5967
88104
69536
73239
3762
20006
51968
333
95452
31667
23895
78892
48184
2675
65472
40171
16668
57736
7510
60452
18555
22437
50303
41080
88807
42721
75766
32655
9511
17927
60307
89949
69584
77707
46585
15584
61923
93270
2749
14821
80835
74818
71438
23914
90513
17409
90948
73374
2182
51511
96169
965
98668
65321
15839
33944
66073
89645
62829
81257
41257
54497
26282
37636
94295
32055
87044
82160
92088
33902
53676
28245
789
27964
59554
36632
98339
21767
12473
59330
36992
45395
29351
69919
18955
79317
91884
74433
60769
36999
31996
2885
57104
64404
64298
269
5977
88499
91154
95565
59783
35728
24259
86689
25095
13989
20264
56187
75811
45385
76690
31867
83966
39199
20356
80470
38958
80527
96762
39417
95025
1169
19542
86759
18286
90277
10312
73054
47338
34592
33850
29272
75299
72929
81653
23981
51276
9410
85108
35830
69157
73930
4771
91564
50486
83423
67443
54959
94024
31960
42845
12771
35232
6129
36656
69332
2745
78456
15097
42778
50556
8644
17646
54487
67935
44485
94263
83006
66520
95318
63385
19182
81532
75663
3424
92507
15097
13047
30825
28270
66156
40951
9513
994
18623
87242
49405
2704
7107
29072
68592
28421
62534
53154
96290
98990
65328
27296
97563
62966
14336
13029
66540
36262
6718
88476
1885
41387
67005
7020
33081
57366
98159
76399
58995
62044
804
85152
75763
84798
71137
28467
2912
86787
74009
97566
45580
48480
34155
89237
59255
63354
87639
35444
91584
35971
1470
67733
94447
45120
81973
46081
57528
20971
40069
91075
62701
69076
4387
26296
63524
45954
75271
93187
42879
6744
72363
61213
4926
41682
44162
10889
38397
88462
37266
73926
67019
60360
56591
31069
41673
68926
78358
45338
93914
60018
89827
82008
37741
20110
35727
97269
67044
77153
95209
18341
13185
82952
8976
83682
80556
44424
62762
14368
13059
97655
12580
86431
39551
66042
92199
41977
80926
28457
93203
36124
12882
71759
68123
88626
6502
51790
37372
18395
37576
83839
17019
68348
13208
78198
94042
77265
55947
64644
69175
55550
65468
81591
50210
6691
94384
42108
19000
45070
24516
74149
3872
40842
342
13829
34658
12628
72076
95287
59551
13039
30660
65023
69041
21102
15770
83464
73247
25070
94703
30029
17373
52326
55804
37043
89214
19927
94291
56947
54583
89181
67150
13398
53394
60616
95447
76441
38571
26564
96627
38191
14539
94355
92524
50694
85374
91005
64345
82945
46355
13790
52556
92101
85872
45438
84312
98480
9231
45150
88732
65091
58553
82029
35729
19296
72285
25114
64588
82766
46764
18596
44656
95833
21141
78605
47187
29911
53464
1646
77867
82214
67657
14020
96277
58352
41731
77096
42050
70128
73031
65884
58111
99567
88080
3776
61023
97319
36787
87877
48167
8393
37208
11513
98389
4953
60975
83201
29870
22743
56786
22885
6819
8633
90229
97124
33599
48947
93292
36777
2800
80217
75706
14645
60783
34971
86769
33916
57102
22223
23594
65580
45277
76141
86498
16039
70776
8563
43120
34961
2865
8297
38111
24869
27733
42207
57452
63171
990
34290
36990
24804
65237
19341
51100
56782
82497
5228
48655
51522
11952
31004
84630
91987
34689
39135
6048
11217
74252
97739
66090
14051
3247
29298
21396
94580
54389
18684
38338
58244
91365
62576
63980
48511
41925
17362
99330
79018
53992
59366
11744
3545
12891
87954
51018
97598
19272
4642
41700
71677
17925
95557
51697
22587
38461
70997
23430
20244
74840
28500
77417
49995
10729
51858
40715
54428
78452
71722
4256
91821
72922
2796
77623
75396
19650
69302
40762
54930
55782
11579
1860
42093
29719
12421
59897
7163
79150
65687
56807
21930
68656
87979
86551
61756
23805
21147
67568
74816
19382
32539
73928
56604
92040
13091
95207
64166
72249
9258
28315
47602
75374
36205
99986
40294
41527
80016
61047
6057
36343
89787
22668
82713
33651
59206
38720
30300
94007
36975
78701
44815
22591
744
20048
55674
97257
39374
17734
39684
95605
58099
87040
90594
20309
31357
94787
7563
60951
18280
38207
50344
66700
31814
76521
26023
94708
5671
49014
71214
45096
33587
99863
17580
2180
21364
27692
90795
99119
76209
11302
88066
38920
23669
8030
23367
42447
10223
57355
89474
28077
3026
95907
38748
45760
9532
85714
60854
1959
47539
59504
55350
20967
44811
69442
80860
21656
71621
13103
73556
16047
37458
16541
12292
62760
41269
22631
54148
16047
16486
21534
27437
89644
81042
15322
50058
36553
3264
94586
89515
31200
52687
96831
19929
79686
46042
97314
40740
97455
76862
20813
75159
38300
90162
29117
97037
93608
39541
41586
60733
75882
53478
12176
31729
90951
67596
1429
96565
77144
56630
10199
83242
57300
78301
29913
29082
20250
42501
52362
74117
69085
88610
47195
39098
81803
2872
51611
65122
26108
24058
24913
7863
24372
99700
72980
18066
87061
60613
41994
98721
43428
9795
99516
69399
91477
13666
53202
50813
29142
61936
91568
60934
14198
4919
12140
65825
40944
53990
29643
98215
76440
67593
70296
90292
94848
34292
84800
89171
53479
2655
40300
98930
18271
51083
39868
72085
46297
57155
861
32454
55823
99261
32231
23498
81230
74848
97429
78542
45695
56448
75713
14560
81488
5508
1403
23258
83843
48873
56486
12602
67090
26879
63472
65741
1310
50161
78988
95145
80883
78050
22990
45370
93561
31059
65762
92724
46842
23233
96745
62887
70539
40523
28241
94609
20216
54193
52687
9581
41393
36632
86076
65577
86571
32554
60778
18933
72276
58650
17505
76823
55607
96229
90874
6140
7432
45524
81910
46889
9164
61470
97788
18543
80424
69322
65615
65565
26117
49074
27080
54159
93885
80356
43572
84869
35749
97378
48460
26766
98742
77833
82765
21411
83353
12078
46036
56304
80239
62404
99960
81069
9626
18587
30755
33803
59340
48898
2606
13705
74698
56621
62745
89702
45052
7025
76900
73009
51860
82892
84684
62493
30104
26499
57829
47824
24846
5219
82096
49402
91139
1096
63194
30851
33975
92924
43249
59485
28745
67255
10980
92089
60155
40516
5430
64309
5729
21221
37566
58611
91468
29517
5342
43717
66797
24939
89213
53540
64200
67110
84899
94687
97719
55076
20209
6608
12951
22213
45339
85675
81331
29868
55171
56049
48972
67229
93651
23937
89186
70497
80439
60173
62913
75495
19156
85738
1290
44486
93193
77217
10301
67869
70849
60962
47008
28955
71377
71353
18511
90618
13748
68761
2752
7749
3105
6644
39057
33051
80293
58604
49681
11596
81347
24132
67367
16416
83781
52208
17955
11575
11933
91147
80287
42507
36348
86152
24530
85649
34862
41728
90513
7007
80657
12233
12450
63783
99248
67559
26622
95937
48800
25244
84706
68360
48918
97212
2899
41466
35522
17884
11883
38979
86413
79816
39684
74899
70858
30643
83232
37931
96028
99881
46387
56
34468
12257
72334
60790
65637
66190
82376
30709
53207
85237
51530
45209
34115
7608
89720
37307
1953
34353
4951
46157
40812
77210
93823
54011
79167
34473
94111
48205
41807
46714
82888
4713
37892
26180
30903
44085
97844
48173
66274
54458
50878
33049
43645
65028
84960
13182
78569
41638
37334
2195
58811
41370
36528
94023
17669
93254
71054
3821
74819
76442
25626
96821
64611
29014
7042
54870
89938
93193
87025
48936
2527
75316
73546
59694
50703
95308
51776
76720
43804
27902
71732
31655
87018
9261
4939
1713
87880
54808
74635
68644
56319
32567
90259
18591
55547
79555
24212
97052
978
46165
73392
29506
25877
46022
60238
54455
27411
13174
66550
71731
28805
56041
50255
93391
33273
9259
82514
88220
20574
22612
66155
33137
31304
62535
82860
77628
31713
36500
29902
84761
20845
58462
40229
69344
4472
71670
95806
25081
44030
46086
91064
35435
76086
72618
35036
41393
12316
12152
57370
41614
40249
27488
58049
31928
20530
22511
29819
12751
58858
69006
97571
9041
64245
36327
39332
92614
70490
75079
42159
9078
15011
479
8312
17691
38660
9700
48270
75025
67878
51255
67221
1609
78319
6463
54402
15581
37264
84850
20146
64382
299
63699
20359
22985
27998
88373
7936
64056
56304
98109
76980
99700
76535
95013
29867
40648
4
413
79897
38641
25996
89740
28920
6322
80787
30581
13729
54405
6135
83125
14086
66315
4278
99240
49711
6084
83422
49771
17071
22073
5679
27900
25154
81270
73006
22013
30181
43638
20553
56760
16210
47767
50914
89981
50199
8781
61882
81382
93618
71570
78203
23547
64043
28251
74305
13809
25838
20390
40326
8302
44099
46831
96170
24456
44844
30145
27036
75147
64122
35017
41863
35193
51340
98119
10811
31755
54758
3134
21558
99638
90122
81963
14895
17193
73301
26994
98879
18675
45624
26099
8109
39489
76690
47324
78069
58693
44646
90424
83796
72594
27806
61957
53778
62564
19676
21315
97068
63292
27929
87912
37884
62633
40764
72913
39240
27682
85304
39347
84325
6576
38722
60016
64933
5225
24622
19940
30212
98999
67973
47999
75338
15639
86309
40013
19262
66173
78453
88849
69704
70356
37315
89937
25185
35587
85821
25258
70426
59787
94376
52867
96069
37006
81088
36960
97962
79372
5869
97739
77442
43101
32186
90100
57213
79267
64166
25759
96903
93036
95444
56356
94518
8602
57979
48824
67976
15232
61817
23768
10664
19705
49127
68436
69135
65764
97703
64539
32039
32480
5529
63070
88138
448
46510
11428
5865
73228
48820
79754
7400
6964
57968
93780
18535
29168
49770
58581
29404
20953
14178
81431
78364
51710
15776
22887
35160
62052
96201
53536
45988
58046
91854
98834
61491
71876
76126
97775
41566
77427
65627
11506
41571
81985
10090
57484
68202
70395
56068
76780
94147
49405
89866
59370
18507
94381
47477
73009
30478
50164
2539
75015
35622
1178
96942
86714
90721
42749
11822
62728
81409
57262
8383
88395
42652
70024
14373
50239
64964
72365
85355
86769
43233
81375
54036
43143
7290
61752
59272
5254
60627
89543
10576
64515
47153
52584
95677
20138
34264
98590
14179
80356
24437
76591
57635
40329
7192
91612
33637
25890
60408
12667
83716
79929
68027
24596
44260
74655
18061
74132
88831
59002
70477
17393
8476
77481
86632
41691
99201
70998
35869
28283
27007
8631
30015
37739
5068
73632
59481
11666
21647
43112
72459
6778
84531
33846
93235
33775
87262
38601
6119
71990
43836
69793
81119
46279
39476
87437
71183
99561
10748
7506
85970
69033
136
70868
26274
83030
61246
17124
68132
70780
5765
85287
70753
90652
7804
16318
13998
79780
61319
97943
39789
80528
56483
93648
74412
39100
62011
6723
63852
9508
5811
76082
4540
93403
26882
69712
1155
95909
72189
73034
86877
15761
7181
93968
12765
310
23906
53220
21584
26152
27906
32862
21474
24631
13946
61849
70778
5157
45365
40798
82944
74690
45738
68971
45087
54470
23567
77375
37990
61706
86604
47268
51976
51075
267
1178
61827
88347
83307
5852
10462
40302
94547
92273
24171
12735
14179
82226
54636
2517
31975
63219
94993
91637
79173
35759
87424
71165
9269
11252
4750
62585
82896
21000
20201
22246
78689
26231
41432
99073
76121
30394
55738
28395
12319
67046
34315
3772
99587
70894
5669
94176
20787
24181
65859
40754
9639
51700
4417
6324
23831
98372
35007
32136
95885
83369
16260
73006
26069
73276
51296
15163
61425
94003
53737
35730
53608
10382
89959
41154
28606
50625
65163
16187
49983
81625
30042
64525
3797
60749
46439
3168
33530
25219
62558
9546
17767
21851
17022
46960
93386
55004
90782
32124
20726
25849
87664
58231
42772
76128
47298
6308
43384
24959
24513
93913
66159
29427
99896
15514
31251
57166
36279
28948
89473
29220
82351
69779
69858
8339
98009
83136
99173
4492
40310
35098
86862
55618
36273
1199
97863
57070
55105
53720
28212
37180
97867
88495
43813
68278
42116
39245
43141
96556
98099
26084
22704
91964
81429
24406
13985
91939
14810
88753
32680
45920
52013
70759
76923
5185
74930
79982
79972
92109
92103
49168
60280
23277
65997
60624
24007
4471
96000
61466
67823
58041
27681
74245
12171
21247
10645
9129
30889
22081
64998
53047
50905
2475
98375
37913
16962
35050
36021
71686
98926
86000
63193
56770
85766
82469
71594
26160
54264
9610
58992
77589
47220
70475
16835
7083
52919
36736
46514
11134
25694
92799
17663
25734
27644
46786
44583
7778
23558
23825
29056
55981
77548
36332
56731
80160
55554
39832
38632
51076
31293
73635
14009
11922
84601
22484
68159
7209
97142
95412
42896
68682
16740
35571
88875
51
92627
4889
33586
12023
7981
57194
54709
92471
92383
2005
29840
48703
18994
12025
4778
85407
92120
2421
54846
30020
4098
5738
27479
72179
64655
35086
36341
90401
65950
49680
37580
13266
93764
20964
89195
42252
55449
13450
7482
52567
18285
48127
18300
61619
77272
30527
98004
1942
11823
26932
6212
2593
54355
72864
61361
26013
24323
75940
12322
81399
10801
48427
5544
31638
14866
57366
35671
88309
76047
9444
28913
36993
51353
83357
10948
93488
45785
18907
93546
28636
64134
20470
74543
75355
89327
61290
99472
1724
61272
23784
6910
56384
5121
24630
75841
22035
65538
71779
68057
33318
63443
43115
60096
16970
53959
18947
79468
72138
57881
27618
27632
63749
72287
31245
93442
88551
95099
925
22007
2084
66001
13102
83787
43248
43250
66567
13757
75294
93846
64257
88054
56722
43497
45493
46634
75493
43548
9543
90935
19797
44892
4585
78986
53894
55456
2925
65314
51481
73723
36811
13868
15048
76562
68171
15885
4475
25736
93200
87870
28810
87508
17730
41585
26767
14324
31157
79378
57830
85275
28251
24809
32037
75782
74243
5212
38450
67308
12396
15858
1286
11443
51978
11058
91068
40768
91379
76969
85493
28518
56199
93674
62891
16096
41114
36367
17328
7065
23584
49246
69282
97608
25363
90920
38221
36602
86980
65195
56894
62855
79132
44758
85920
32871
70669
83021
91413
66045
47610
15810
95313
93521
77599
71843
59862
25276
73183
48596
83368
56348
46248
6993
65805
27176
70405
66357
14211
6045
58784
59897
87901
88246
57201
20052
42075
41434
81896
7200
82022
72975
61363
29629
48709
57325
3308
79983
20574
92206
89026
40451
38732
58753
86723
88015
46618
36573
26883
17015
62105
17971
81291
44715
2308
2620
82529
72461
68365
45777
55951
43057
63779
34586
11827
34590
57027
52190
79683
9969
60024
63769
99994
32128
14577
40972
95715
23868
34013
28717
81441
58159
42245
89215
40281
29413
64198
70077
53726
15176
28041
88784
66774
2083
50209
4865
55149
15432
29601
43271
74870
89581
11319
57857
7161
19280
50953
46784
75454
2460
22442
49564
83701
93988
35769
67079
35391
60299
45847
69246
33596
61702
57667
29851
9170
31738
30643
65736
61014
77823
42033
56430
6875
15270
76048
78315
13684
97815
52681
19266
1127
98610
2230
80204
75089
67287
95914
56557
10160
10114
25388
87426
18800
3758
78286
27893
83509
46330
64462
79603
43714
77960
80488
7637
36517
18274
64757
78458
8927
12088
78373
3702
49907
2340
16085
52611
32137
53487
62572
71030
83296
35692
45496
50573
95598
23714
43360
30436
13653
88167
58917
76710
9413
85703
20154
90273
30631
80100
83837
89202
9581
30583
93745
7360
12084
86709
55641
9476
11347
46574
49235
42566
6627
72270
91279
37859
80106
12358
20011
77898
95877
52005
14508
64422
61426
43199
63355
98613
57464
44880
63449
8344
74451
95930
41729
99
11679
53257
94585
34868
8513
9528
91315
90272
56973
97453
60006
46537
64759
72159
29060
64908
64665
7064
86648
73206
39934
58933
77247
23671
35945
82986
31872
41870
76229
80386
76872
71844
56329
86180
8966
79926
72455
12850
34144
66505
87410
66411
68272
45154
94570
62320
30943
33165
58694
15044
11101
89947
3356
28076
42106
52521
68111
2454
63587
20891
26806
23222
49244
63591
82181
16810
17750
93966
98618
6783
86126
91941
48935
31214
67362
24242
18775
76510
70416
37683
34494
13005
84077
60663
76865
6505
33791
7280
39871
44376
41080
21536
97947
84247
85327
71632
44423
13184
96093
12256
75182
63396
38608
70392
51390
49624
28751
35357
55921
95085
3627
95520
80311
24951
36926
15152
26209
76527
45732
54864
23148
24212
55794
25890
42663
64780
5847
74371
84579
96264
5069
40400
61879
3301
38332
90598
13037
10735
5100
62184
16109
22816
14788
24249
44931
89222
65476
42793
15023
82627
50747
70860
97321
75310
24678
55078
93711
28406
67622
68835
96269
64903
30621
6083
70376
26821
26596
9650
67623
82773
77740
47286
54910
82875
47919
11969
84952
96350
88562
59463
3808
11752
33210
92425
35564
89290
11303
74192
1159
21884
97073
93301
63962
32993
55294
58364
59126
9673
78174
23394
21728
95984
30595
14443
17145
78084
13728
11646
90537
60963
92028
40077
50632
7139
8211
8939
79657
91340
46218
53026
76003
79488
13165
77853
20316
20634
53670
87168
31669
55924
78012
49272
91628
64034
25062
50412
61394
28540
11562
83346
15146
36858
71095
58591
18906
44919
49435
7094
79698
26840
68226
546
56502
76550
23756
13759
9225
44918
22473
86546
82104
48170
26611
48984
39488
71313
86856
45788
43549
7337
73667
9858
67408
98821
74550
62817
19595
60617
51206
4686
71356
35730
81251
69619
66101
2931
15171
1726
81908
62842
1658
56373
94964
87697
68727
29000
68942
18880
26526
64479
60973
36303
26397
27506
37773
2217
29070
54808
11439
38429
82888
71542
18012
38206
84962
53721
59475
47306
76805
735
33297
64776
44653
17008
6716
82794
50748
80874
56492
34418
4635
37690
41239
63473
24686
81286
23799
92971
67250
22406
2905
99446
93813
90100
74085
4384
66258
35673
11109
5168
55432
23046
73364
36421
46870
58596
56261
76124
1398
50371
58637
8141
30611
35567
9710
67892
36168
60609
4673
75181
17526
94610
44862
70904
45153
52170
29611
40957
51944
30230
55519
46697
79135
15319
53202
69430
92555
54295
31651
20232
6521
44503
3877
9044
8155
65252
30631
62491
96672
26665
47071
16564
81455
46205
39442
5320
57728
79004
94242
90743
69431
44116
73780
24696
74461
98486
91453
27933
23421
91788
3914
77653
9080
85610
11400
59819
45126
79293
47190
89707
33610
36736
14981
44229
74768
28109
77992
93226
54053
93904
76958
83827
54163
46263
48058
60642
4152
30214
26571
43616
25634
37896
57101
65381
68649
19711
43691
94005
93641
77756
27790
66120
62618
92842
21543
58146
19309
12389
40501
11329
99974
85416
72500
36182
97777
73732
42306
83370
65378
91532
81999
17633
75053
17709
56384
9468
46110
88252
53120
86264
91127
16935
76708
70772
48324
21933
86745
6033
635
30281
58701
754
38645
23081
10806
81634
73796
29598
54755
16948
92209
79692
42717
51078
47987
59521
46969
62239
82445
37763
78813
83127
60516
1057
36492
64278
23899
47691
89968
74036
11086
57598
9827
25984
76936
63767
80474
2268
42433
67465
27375
86597
51287
25194
42825
49585
41159
27239
87274
93137
49896
76568
53845
55926
96933
60463
85561
69840
91093
73769
42847
55185
22041
93127
70284
98480
29585
25014
62387
6633
10907
17002
96315
71905
25385
31402
50023
56488
6237
45636
65768
76791
84644
51169
48252
88793
97165
10899
62144
99526
79045
62411
71450
99050
59888
86312
1852
82885
97541
36393
90197
77451
27590
14340
30138
14571
39227
5615
26540
58221
95466
13083
86662
54709
39029
87904
85894
86948
91985
54003
50709
77053
67230
57205
89845
26597
45767
5093
65094
82372
73240
88694
20980
63368
44247
71611
59969
36968
89537
29086
70603
87462
87266
12784
51833
28782
47983
54298
48071
87355
53956
40659
27436
91353
32597
81098
13796
6117
53491
3971
98015
8464
61822
26527
63557
7490
64929
2291
32036
49820
21135
34843
18007
63926
22935
24071
13493
26534
84198
18387
85588
26146
91738
88117
17240
91933
95423
33264
98555
10701
65832
17765
87322
60814
80235
91593
69818
38207
28377
20273
31990
56233
3480
40809
71398
32896
90623
63013
75917
98178
92910
11375
33919
35453
70824
82015
11725
18797
89358
92041
85967
56931
48985
51823
90476
11585
88627
42071
30889
62209
77074
58264
53644
24726
69618
25326
62603
41418
34862
28749
80502
54598
48123
70033
18590
35376
2529
13908
96801
39567
62903
33081
39187
37674
74458
67110
32105
79662
81385
20783
5477
68846
94400
63692
33818
9541
41104
74316
86075
79511
51735
60899
90820
661
23041
86207
98244
71711
43066
18168
92166
37508
5070
39110
55898
72581
77376
29037
51205
11352
46947
1363
36706
89513
42904
93810
2675
74554
31685
19912
1864
40810
36654
31627
30186
44052
30995
48635
99813
95982
95462
64528
18704
74066
69767
4754
52794
50810
27614
81992
8243
50916
18068
32264
97364
99189
39854
22892
47340
64474
69670
34374
77000
1065
88840
70794
99101
34022
64231
77418
85717
9474
21561
97151
73972
18653
89782
69474
8423
75084
53704
5851
39272
50294
58159
42417
11055
40312
13780
85120
41944
77737
48104
66409
10861
63223
17464
74819
14385
73776
35887
34447
35177
84157
4040
80297
55718
69288
75022
61914
30131
65279
81459
30891
90071
35953
89033
79316
99880
7029
20320
56594
92845
53994
11869
14551
17197
20376
2611
44858
9945
30069
89024
24592
41203
13028
54983
25107
24314
58744
82117
19518
30323
14295
56178
69275
62710
80345
69174
72275
8017
15312
33382
27749
95549
48833
39898
44818
73787
56368
10732
30708
10186
90
5070
74735
16041
86395
7176
37440
82403
98705
50030
39698
73980
50616
48762
37647
72950
16019
66251
64595
19136
86284
48441
82204
12476
37555
44179
43550
26860
91299
79383
32948
48696
75554
32142
18033
17950
32167
66433
97780
58870
27669
78108
37081
53729
4102
10814
94412
9390
68803
78266
52664
49704
64463
12109
60350
91360
55236
67644
65
97746
1173
74697
12702
41334
96786
78193
59801
68198
65738
50406
80435
75431
82411
82724
1496
52534
47653
11762
37300
97776
68236
16248
77606
1533
98268
27351
85964
6362
2327
15208
71646
62530
682
99893
61527
55545
71310
24046
12141
36565
20233
84650
68322
3081
85749
30939
25555
33935
72921
96043
31981
85297
42483
51928
23872
24820
40983
88746
41100
58081
68305
12621
29304
46513
63654
94768
91489
52309
49721
19480
75599
71775
68105
54369
43524
15633
43415
38291
2157
3552
25542
85821
50011
15588
59675
59664
3083
91359
28452
73274
69409
41543
51669
20478
6004
62738
8525
35277
70914
20541
96887
62723
44292
47609
75916
13408
4253
85938
89942
5249
7948
81789
90768
52826
37824
70878
68201
8883
97643
74484
60871
46684
80559
27809
3656
25102
70934
28857
5123
56800
14910
87910
89613
50435
37936
2997
81304
28794
8529
93666
29174
39801
38450
29563
40507
23160
95074
72147
32480
65236
34884
93893
46852
41732
32155
78979
62637
97171
57185
46298
60940
79390
52375
89508
93279
7307
40983
50633
5007
20900
46149
75762
87322
16815
63748
36173
79819
63787
69541
48310
87813
93225
41113
14376
98751
17412
78152
91264
32361
14623
1019
74121
63308
22106
66035
27402
44816
20752
35964
77672
99543
37265
33596
55769
93350
70710
52198
11143
1988
20230
90315
28828
72475
83876
58896
9424
90268
8307
45722
7949
99935
53319
16294
97883
19303
2985
58005
91821
85732
57095
76644
65894
18482
85557
90074
66761
93919
95972
16571
19965
81418
54205
55930
52505
42407
34843
60587
29681
36383
87618
45910
7581
95764
23743
64135
78722
16962
60798
90274
4032
81344
97314
8211
85720
6022
87621
36484
34903
8233
95436
89864
42051
22274
12325
56981
5376
68812
37312
8751
19936
29900
36679
94494
14885
15243
40859
74113
26388
82335
46093
65180
20856
75592
86998
88909
27920
87030
25364
22685
5686
99207
36417
29202
70701
26702
63921
20992
54662
14575
98984
27295
6351
85863
95445
52184
1369
74857
92847
60666
7204
43395
68619
13513
46409
64767
9623
95190
9188
81157
38550
81481
85500
4670
54617
63866
2576
89875
20886
44608
44511
26292
8455
6913
32244
28116
1217
5832
8653
2994
59343
9268
57734
57075
95787
10029
36295
4938
2969
95601
64454
64601
18208
92653
3866
68529
33158
18599
54718
10838
90151
60600
6046
76190
52017
35703
65986
79960
44830
54512
14324
95977
43023
21364
64206
8561
7522
92810
9029
42060
33456
73603
64012
76053
80870
88171
9255
28197
94813
86683
1901
13817
42776
77740
61912
81297
4570
45862
55565
49781
62241
34742
49442
41522
68931
98238
67761
22786
53091
60998
53688
55658
33744
51824
99145
82877
58555
54889
54741
38461
22194
39932
90576
38177
50270
6432
79713
25330
71061
71090
6217
2544
27229
68797
78701
92946
80798
67285
51809
99115
31619
92708
71827
94375
92589
16188
61746
44308
85939
92875
80761
84318
87353
41292
9627
69651
53868
38969
34412
23237
40408
3710
37418
26253
97734
68522
13991
7021
37814
78047
35092
60110
38100
10504
4939
23208
11738
8778
39609
67584
17730
69331
38662
62955
11238
27055
54082
72913
82806
97306
21518
6701
2517
76976
95653
37105
61425
76703
41573
70950
57437
9822
17917
70673
85933
63287
43348
62608
66029
2335
58547
26500
28765
15591
45937
21993
83501
57099
74554
1921
56497
90183
60987
1359
26850
16266
99372
41246
20433
18658
99002
89218
11496
14455
64912
5846
62239
90324
69697
41156
8504
78079
70997
58436
26072
34154
47662
48636
77570
52962
92598
58757
2993
66693
19206
57678
9745
13585
3253
22650
6139
53015
31067
43204
15500
70702
90017
21699
90528
38179
36712
5512
752
1518
58738
21924
61894
30561
25968
2503
58776
3961
63433
30243
26761
64727
7236
6255
77624
3656
12883
20295
51362
1888
13724
79857
54875
57414
65412
42170
77092
37769
43066
11231
20969
34288
51294
99976
7739
42734
83020
93710
22341
10196
73769
93181
10989
88577
9705
70549
93545
83445
18746
78634
8954
31203
73392
20300
22666
38308
12558
83585
81086
89032
30958
68973
77112
27624
38317
47604
45739
24087
39318
8406
59003
77239
54281
59001
50961
30471
91848
83909
39769
47738
46046
74792
11448
57571
74252
15738
26861
49196
82578
75002
21186
52903
59766
22519
66959
2811
48595
52396
4683
44224
70913
46851
79440
31365
23421
7162
72906
90446
22742
96738
14364
15324
42067
66211
26160
23557
99012
88702
25528
13154
6179
52715
34853
83591
72487
2305
94211
95021
57637
70100
31599
90571
12898
5176
53750
51876
67898
57955
16620
21913
40198
24433
93126
44191
79374
33281
85940
17739
68747
39837
31582
7210
49271
32343
76058
22894
3668
21454
29607
86018
10933
58800
87882
40446
18157
89817
58786
76790
16114
64890
70858
24620
15502
67221
69066
15303
11010
40517
64442
93979
85142
23674
10773
24263
32449
22369
18454
29150
61874
67459
95377
82013
43097
88100
33808
48508
31445
73739
56904
72800
52059
48354
39800
30604
78047
19827
38974
7287
10723
10962
59734
51833
62745
37114
69423
88415
29142
82575
24044
21054
39189
54595
27412
96740
10788
63252
37590
4649
20623
19922
31612
29541
87560
16158
25803
39420
39824
71278
22261
74292
81541
2798
75259
36295
20103
11488
66210
79988
9384
5668
73904
39759
27952
33618
79011
30617
90698
6052
87279
27402
88623
79345
21938
85418
5805
90772
14294
60832
61555
43595
23106
78274
63836
31868
89021
94923
6197
70161
11808
13962
25773
43812
93335
7607
13592
16918
51412
6080
40384
19864
80047
38466
26216
23533
31934
59508
34302
72487
22125
90428
35037
20622
75835
11877
64572
94527
54705
39816
38583
69585
98238
28103
99767
43891
73652
56089
74689
91760
31289
48063
56856
93173
61483
43829
78223
82409
37012
67845
70863
45755
64421
27285
43617
66682
17234
88320
67802
72893
60202
16034
11424
89539
94065
93677
80988
9428
57595
17721
95614
67239
7879
2392
65319
87261
44150
79656
85112
53194
32711
9313
18901
68628
37713
6318
36981
787
74812
58360
82696
24057
63356
58526
44165
76011
71179
15745
88623
20301
15713
52572
64388
58365
95187
17585
87426
13365
76165
95582
54390
63667
13005
3214
30466
5366
68742
56331
14890
11615
67533
76018
23772
29687
5244
39135
20218
96783
48385
6983
62309
64641
41082
38693
54183
85622
66511
15500
10748
26657
38091
86427
21854
6473
74680
49262
74956
94981
79543
40049
12663
44383
35065
7727
12297
2554
669
34825
17234
67888
31975
71203
11472
26644
2296
15448
88154
31799
95952
74445
15753
93350
73501
95907
30052
25904
69502
2790
44486
93765
71032
70787
77358
61209
99636
92150
58947
616
69716
53281
23618
60084
73104
3800
86725
21162
92786
39801
4274
63331
93994
99258
73181
40038
15150
36059
76475
28555
80561
23322
72356
86458
37342
25573
78404
24305
56402
90569
83998
63428
50292
45129
32157
8895
56754
58507
55385
67847
44057
77261
39970
88799
84656
23957
49869
61703
10226
93126
29912
62814
13702
71053
4538
56936
80413
18555
8940
19946
43591
24430
69711
27186
49842
91784
36249
70068
89248
60000
13503
26543
98787
91319
27456
85711
9432
32195
99435
10059
75806
104
34766
18446
94897
94949
98717
11187
10055
89098
7131
52457
10343
1575
66600
5494
45345
96255
88775
64152
68301
33755
98251
39526
31492
67547
14526
64438
38197
77576
79661
91512
69733
79397
47058
17022
86470
52388
78239
23327
5906
82869
48069
31793
13381
78680
15551
38068
87893
65939
8862
48238
51631
85536
77073
38769
98222
85246
10512
47608
59738
56360
54726
61808
40763
35778
78520
53268
56441
83951
13622
52144
68626
96672
57533
63847
11383
65223
7463
86928
22851
47433
4112
44123
57144
74226
66117
88978
62776
72803
55819
39482
44669
10854
73193
30297
96021
35810
3188
92657
32126
21642
57077
66218
47450
67215
14584
83406
39119
78102
38612
80398
83774
71557
26258
9986
63581
23606
90844
44718
72051
96142
71331
76192
18768
54375
96269
11829
78535
19337
6681
38171
94281
21432
6480
54033
24286
7271
72234
57131
28354
5098
76506
93906
30842
99465
87575
52136
57202
25584
14280
16265
56981
79939
27628
98669
28840
8655
40163
35434
31267
82972
97980
20598
2669
74527
73307
8074
57811
16587
19782
29186
6628
35335
99437
89280
48588
46267
79893
47569
97163
66020
52735
60231
66258
10983
26777
90086
35353
30114
14016
4410
20288
11998
62000
72453
94880
28481
92587
79447
16812
94911
46882
4181
64810
49521
81122
10972
6376
5726
21661
21056
59644
23765
44692
97165
23741
76189
73119
72462
79351
64932
88281
94955
42543
33331
27498
61933
2100
56227
40594
73789
40830
75048
80079
70891
80518
93547
85516
59019
25344
34230
56678
85881
33369
26889
23515
72157
71498
97225
40273
29417
25206
60280
62433
37024
29254
67840
8478
23057
70846
12936
78214
32160
6396
43561
39332
81510
95852
60922
68350
29615
42699
5032
97218
69921
12118
354
43336
40540
1934
68976
8900
22685
81418
53411
77612
4796
99321
1831
8096
65974
67059
95510
30970
69573
4218
32454
50643
22634
18290
74914
8974
5389
66106
36215
86118
23612
38631
50756
92400
14831
73660
25429
82444
89484
44423
16905
61294
36549
90106
43438
83491
99807
37093
88015
49442
2286
71021
62020
95024
88956
73995
16007
97968
60457
58147
7175
52325
96909
41727
78997
74053
2168
20232
43996
93757
93402
36801
50958
84187
15070
58368
81817
3932
82833
34729
42456
4466
28961
66920
74789
80880
66912
86187
28941
71414
80584
61818
97884
54580
96248
14132
60823
78973
70301
89799
44553
71466
43564
37675
77109
51047
93835
87484
62058
2590
54383
5075
80085
79070
84224
23808
2415
48935
55641
54981
9655
19189
67308
21489
16667
98439
96034
96088
57200
39499
85824
44908
59617
13576
34597
87387
33731
16295
49136
84964
13863
41758
77726
32598
93449
78842
15281
37384
5414
73545
28716
13231
55466
3426
73530
44927
68999
26961
60943
32384
41602
91555
52038
44172
97351
55402
34762
55427
3772
86381
81745
18956
65107
624
30081
82536
87225
39035
61750
17620
33260
9129
476
98299
44202
20176
21175
62645
78340
68391
91938
89889
91729
35033
97044
98554
79487
75557
31358
27928
76964
65199
40753
94086
21747
96615
52669
20892
68842
84692
60437
11801
69927
49340
53262
18078
62107
38547
84901
26441
823
21021
32160
26477
12611
87297
30637
29643
86541
81805
73350
60303
97119
82464
64246
49961
85449
94712
51670
11461
77885
67385
67792
71530
34362
49590
63589
83884
24224
79263
8842
56207
41027
17063
96524
73305
91418
16912
69684
82417
43350
18613
69382
69562
7408
99732
44035
48038
21211
99383
37199
91449
81657
42398
25549
26908
51946
45962
58406
35705
45438
92712
36552
91322
45260
1688
26603
84825
52859
54137
61231
74595
48381
36338
3137
18830
33564
50336
56284
17651
91629
52727
51564
75050
60449
4279
94990
898
44409
86541
6772
68921
71290
21698
45061
24926
44982
11204
3808
18496
9802
14351
28800
69650
90535
14808
53147
45311
79527
40598
81605
21220
97761
97005
66355
84686
24376
93656
81561
34640
41677
91826
3252
86080
73909
81922
37411
26415
45030
31809
89744
65892
65419
98248
47245
80757
27958
52315
58874
31393
93717
17676
58338
27660
82877
96205
34213
26551
21827
790
30001
67419
46762
62159
88617
82850
9622
79994
57544
79523
61983
22881
37438
29848
45153
6839
8089
4061
38000
5230
47839
66375
18825
13140
27192
90527
8196
34570
96872
95706
10278
69316
93466
45814
71634
30582
80504
60915
8959
59872
150
57675
74629
57336
82575
2063
61969
98641
95176
13696
10936
43973
72560
18631
41161
73316
90825
67057
60698
27001
60448
89003
87908
14965
5879
18326
42507
46363
39493
40454
40917
92487
55443
82237
6333
8284
87367
55935
44127
27080
70941
67889
14835
26902
73937
16627
23511
14415
62906
41944
16580
73710
61584
51326
52995
95423
44622
95662
43384
85715
12434
15921
31644
91907
83490
19916
37737
67199
49961
5242
16367
71026
36510
15173
89732
6899
56325
24033
24983
13482
19535
41061
16645
6620
2749
9543
5861
93270
61858
61906
78078
95058
43910
95046
37240
72809
90758
77517
431
44885
31897
25237
90788
47425
53358
38735
29295
23184
21777
52611
49647
56839
70956
84526
52065
83800
9194
58009
66031
2892
44567
14871
56031
94188
66819
15739
38285
36363
1637
35859
84595
20307
65564
61605
76548
64235
89745
20996
88024
91235
17848
42159
18625
9884
17398
46054
9245
90102
22364
82730
28164
43062
53905
13936
60129
61044
75566
60674
23070
81087
1346
81042
11256
19373
99830
81692
3025
73699
10475
64567
96068
28862
22559
39863
20051
77083
63567
17058
23164
85833
16854
35180
84138
9961
78804
67762
7496
61919
78378
51664
74320
25752
88289
44063
289
61719
42026
13615
76272
31326
42368
13308
34165
45813
83177
64944
80582
81434
46204
29877
28194
63526
33693
63029
69443
88568
54436
82320
57686
26784
52347
90777
11911
37130
46854
68590
39509
70148
1628
62226
14340
40750
83060
64360
96082
6013
37435
25550
85857
86956
52994
32916
80915
83552
6356
39575
71956
71799
42085
48799
97521
22892
6534
62993
39078
73577
33428
52497
80309
27945
66770
29304
19667
18760
52811
80270
94812
65898
39513
82565
84135
71461
92899
24913
80404
19725
70400
15495
34209
85178
57531
38993
91548
89847
98735
40332
11923
49801
11793
88638
99815
2618
31501
59671
26559
13505
36809
10339
92761
87280
86694
85801
42651
93306
70436
61251
9576
16447
80293
40378
68974
4789
95434
29885
21723
36468
80441
76446
61456
64638
5504
59241
60654
68458
72243
26114
3981
61100
41554
10170
90156
44546
81606
6157
52578
26653
95018
31963
61427
88554
93510
84546
80926
49948
18582
11796
96499
53848
91689
37274
55298
70141
14117
45893
17102
57166
74984
89292
737
42589
70666
3143
86489
53557
47966
72871
84800
21540
45175
13680
98905
83651
47367
50804
39990
79844
8547
47757
81831
37367
67746
38518
46509
18137
62756
29638
35212
11065
11664
47403
11358
97544
34901
9279
34789
29469
29074
8617
98073
99746
51505
27859
66975
19838
82989
2819
56986
68672
50389
98201
50651
57604
13929
37412
94772
48102
84705
70177
46731
80736
1901
77169
18986
5313
79703
30485
3507
845
92645
35113
45168
61003
16250
85530
7496
36879
49436
30597
29198
52036
58640
27694
21556
58453
92257
96730
58365
54392
17216
93417
94991
57943
38374
46355
73415
55613
30612
37790
29351
67162
65563
58329
82346
21235
20792
93048
6168
4521
2135
36365
39189
17252
6520
99007
14068
38715
8943
52138
91178
9251
34117
74483
125
36626
15773
3141
82618
3118
23505
98605
43141
12599
76857
26094
25867
13966
67885
91522
78772
29793
63235
39311
36117
13972
47378
10849
29601
57133
11831
20969
59583
83419
4212
45426
1783
41892
39766
86075
21191
27754
50800
53142
41330
16058
46947
99901
13719
74705
93567
75499
20287
84970
81923
17086
59600
43304
68288
41191
98047
39133
8796
28811
35426
20629
90258
32986
19299
3426
72246
45481
50385
62628
96278
18286
75825
48276
85116
29912
12497
66478
1233
43432
78845
87353
34652
82511
25963
67253
90599
36134
15472
59839
61506
12100
35894
95235
71841
19168
3813
66079
74816
48963
7901
13200
98439
4136
40422
16124
65961
95124
47743
44955
63494
94700
39731
99714
27217
64343
38793
80301
51691
2481
80154
75977
81902
71240
94238
91035
74246
15511
95263
24752
3033
67549
92911
56674
4360
76249
79318
59396
14061
63076
28483
60939
44324
27595
87043
62425
71335
90536
65648
66726
46257
11260
88896
83085
22276
48779
59135
41200
57701
78420
18519
49289
33477
45931
84363
1807
52091
14196
86563
45729
2221
82014
27938
18802
90862
80090
59059
17329
26593
24631
86242
20051
70811
8732
31687
39871
68071
10945
57597
46006
94371
38186
18960
99070
92519
69696
40053
79881
43558
30286
31379
19910
6988
76245
76671
8772
31048
57100
42887
45054
4324
20984
8676
33768
9487
85508
93810
68821
73339
68701
4763
98850
71138
32589
20847
93026
32387
49362
79920
75974
96939
86489
39818
63880
77743
88412
60960
7733
35254
49590
19425
75830
49427
67711
89850
35961
53871
18569
23589
56641
805
2165
91710
88166
98375
23378
39606
89481
27167
50451
62689
95161
69423
55180
69579
14907
79418
77801
903
90362
54811
74763
27495
97387
36947
81184
89319
9659
33313
93406
11364
12727
51753
91835
72971
27768
11799
19212
53387
33993
48796
27800
52396
50774
95927
10776
41177
92563
99728
81902
31865
6886
40893
73503
43676
72850
30247
53647
78289
95456
62919
77047
46676
11116
18762
53189
79235
61194
43828
10416
8402
37140
13952
34837
58133
2065
49125
63316
25787
49283
79093
13889
18490
73068
54751
12551
85093
86526
99220
21567
16634
76094
16487
5801
53975
75988
30157
10789
48013
94482
59107
95729
54605
2079
25391
71679
61791
52286
11679
43057
46034
84448
39662
27124
21102
24930
11141
27574
75076
14148
7646
85222
83175
26952
2659
25767
24788
67011
46229
10352
46764
2947
39401
71811
44098
47453
37004
59144
24688
57810
6248
8773
44164
92733
2430
31932
41848
20284
60275
70977
48127
59384
71272
49014
24923
34034
47777
80774
26508
4460
50951
86682
44803
978
99944
80155
61748
32899
95100
51589
27466
83200
35811
88835
81396
63407
52522
93869
94301
70412
37549
33307
70586
78317
52342
65861
59580
90448
49251
249
60485
81604
44518
375
63223
67601
40710
16748
69480
94373
52450
8361
23474
85563
49078
98816
90182
62954
96342
2491
34561
69511
86391
53049
15063
86552
12269
80293
78764
66039
19279
21940
60258
65919
96791
66875
40876
86005
76293
82795
97248
16662
44099
69482
60011
24729
85380
73647
21183
17697
30405
37978
79336
88866
14293
34605
99644
39821
62385
63051
24624
84441
15432
29036
90023
52976
36157
54298
9189
87891
35307
81835
67810
81131
52291
59131
27515
71885
38992
41701
28674
30697
67452
8253
91189
81360
87371
18190
972
28031
9317
11691
63404
56940
45234
5780
17849
43756
15645
71719
33992
62718
71099
6976
46162
85240
96677
42415
62148
44044
57664
17205
83379
31350
28958
34906
79693
72741
59997
12621
11979
61059
82094
89849
85219
9283
55728
23841
38170
40038
30811
75288
17111
88138
94808
76415
44786
37296
84717
59004
90795
67784
60567
30803
72791
93851
7504
40420
53396
75797
42960
58016
91742
67981
82799
32521
15259
47058
84456
47174
18096
32403
82170
19520
48631
92619
81384
22587
68040
53800
18176
60980
65940
88951
3033
96692
98096
2829
81077
86094
75118
42228
39398
38811
27272
4400
24621
59183
85782
32269
57053
20471
62175
69831
89406
55346
66091
4662
85358
98793
10455
19444
59809
27564
39170
26091
15433
68843
54820
73376
28050
29517
13343
90262
35620
75729
18253
22273
91563
85631
86841
61992
17331
3145
99082
40150
99180
56995
33529
66909
94989
90396
81603
47815
58037
33112
93754
69850
36013
30028
30199
50951
14218
61654
96938
80656
26990
31606
77490
49716
81774
41772
43207
60120
51150
43503
84885
15731
44712
32103
78403
24278
28875
56073
48401
35574
28032
10221
32193
44343
17864
42892
49675
47447
94978
83611
4340
57749
15049
52767
17818
82364
29145
39084
70022
40367
26418
78334
17540
42739
33557
24179
11886
54963
89163
77411
20324
21108
45509
98813
4600
45303
66334
11807
38246
59012
22269
63025
84993
20664
88759
16703
89321
66478
37457
94961
54648
78595
63363
56329
78651
62921
38103
16537
41630
79242
4401
54910
55840
85719
44105
72092
44902
60332
95859
57720
69291
3681
3136
44588
64309
39440
80765
37322
3011
13725
74553
55793
35490
5447
15269
37861
4703
60714
75891
10350
86135
76558
49121
8559
40682
8336
74511
50368
95021
29451
70059
72971
38943
22531
8334
58432
19252
39662
2112
58261
2925
71231
52022
27870
88776
81263
34204
356
5683
44778
81965
56997
79708
78516
67519
46825
89220
95478
20028
59036
55123
38697
12202
36268
80773
33342
70924
82657
50017
28263
55746
69172
79402
41541
26540
72429
79598
1999
79916
5565
7516
71196
18216
11700
29970
92174
41166
87392
52277
82971
22931
21604
70906
70361
78804
42224
7905
613
47486
87362
5985
6064
79432
79257
76062
57862
3070
57586
86327
54716
77241
3233
29308
66517
40169
92398
98653
9938
77172
28073
95198
47508
49017
33355
32487
39119
23725
41995
24375
90797
22151
47289
26008
88763
29079
10010
72557
58260
79856
78177
7528
24200
53159
65863
761
27049
20883
27206
18593
51634
24020
56888
18853
2549
30257
33574
57501
81023
7161
12944
34987
23753
38667
37849
65673
80094
97137
99915
79260
98788
9735
46958
93189
96329
89658
8928
45206
34348
79467
39826
17666
46020
24210
92191
98060
40529
14816
11242
85793
28381
11485
90355
55234
13199
73391
18005
4314
53420
2236
75519
89486
170
19591
68173
54674
96210
52470
56642
71992
28721
17652
58116
95267
91643
45522
80212
13882
8477
58697
74697
62104
92222
69275
30056
68767
52432
58327
25474
75469
52793
11995
99882
76359
31513
48019
86257
19123
90359
21151
29664
83554
19052
93683
7794
22089
6188
30841
71691
21584
13580
8401
71128
42915
8628
14552
29316
5063
5411
6726
29845
56967
37049
57201
91169
67340
29478
88303
98672
44331
7308
96921
94703
91832
65107
22508
47534
76088
91657
12137
74167
77876
78515
94395
88267
25897
10901
29848
98779
28157
59450
88737
28832
35404
23233
11876
82135
59616
85284
18785
41980
29023
4006
91721
66882
49374
77912
78690
58381
52691
69799
6535
48780
69225
94022
79116
18486
38093
34772
83776
90784
31109
83274
64331
35160
15775
74947
79158
705
29511
3656
71242
29483
99955
85239
64209
59534
6137
12751
9273
3491
92960
82427
45719
82719
34035
3001
68616
78061
28466
12965
62546
13319
72355
81286
95209
10353
1734
26517
26733
42386
88422
60422
35729
9263
76170
68853
18742
3110
15564
27406
65718
44068
18689
96568
54717
73475
20503
16447
25906
17764
2845
70108
59283
14821
3323
18596
64926
1727
8419
46410
31852
29182
8863
32049
38007
6493
62922
71283
67645
11518
48123
18535
62141
78468
21947
74514
43901
86861
36440
28204
49838
54030
97810
92526
10120
56493
37938
74965
28943
77237
93083
22006
37527
93050
824
27614
86147
71690
69909
69700
92936
50283
88714
21422
38161
64534
43314
48701
86844
30608
85722
26966
22977
64417
27796
78253
66067
57363
11499
22352
72895
32713
34641
69165
71153
98681
76469
3393
22422
94984
95664
86367
2173
1184
6942
38809
95222
70768
35369
59597
44092
16192
94817
90735
23119
63376
40329
14767
50041
21196
66987
94887
98899
60462
203
61252
8896
88944
10424
34606
11671
44587
32479
67829
98206
48850
94906
16730
72113
8836
18662
18551
5506
34354
78770
11244
3803
11502
77171
53287
47775
7211
77908
49743
5614
24855
25931
99309
47783
67762
92199
67896
69544
53033
73957
98907
14128
94644
63394
98501
44902
43976
71979
97165
27571
37081
97264
86368
40362
8880
41719
90665
31047
33605
2348
73275
96341
66585
33942
18046
94634
60371
74181
47315
25325
60309
92168
64358
78488
74266
85467
76655
96888
4974
62269
59877
74801
53418
79071
73312
44959
48938
76089
69865
71415
86509
71670
90624
11692
79305
30832
51210
60813
56296
58935
55637
41003
41251
82826
96265
23673
73721
16680
88428
98508
86508
12640
90354
56130
38776
58596
95328
76094
41936
6076
18843
46001
83768
57591
89778
59478
49529
9532
49125
8404
98884
319
45520
17734
36998
98320
48984
64822
45220
80941
27440
40901
3892
26359
40968
96200
29143
95266
56371
73709
2743
34181
22484
53915
24024
63218
32741
1879
34334
16448
4675
67619
41212
45795
84121
5729
70708
32413
79943
50837
72400
63822
15278
61192
89243
77863
81755
36233
77852
54077
11182
17677
53520
47672
36710
59320
41572
54091
61036
39828
53260
52734
47800
38334
63011
39719
24035
17888
36511
23607
5162
36856
37360
4208
71035
86840
54517
81780
66784
4391
11706
87225
45189
11909
25298
91065
33767
41355
48398
15078
93979
87377
18007
77339
66681
32041
6797
18765
85795
34280
3548
63008
78869
63429
536
31766
8043
42778
81494
59778
20137
97480
8038
75003
6059
95607
9040
55532
6026
7194
10922
81864
33864
59633
25395
25947
97432
45096
89487
68347
64813
71997
60544
69917
82429
38911
84285
80740
65041
24785
62289
69077
22956
66734
34515
20614
96021
41767
36414
14484
68259
26408
52300
27220
62021
68920
6356
64385
54955
74271
508
5748
71892
98690
42749
53682
84532
12201
3890
511
9826
33762
15868
45136
49020
13055
31894
86014
1367
52026
48431
43382
2087
64952
36585
62126
49350
34507
69005
76178
99589
47250
91753
38716
27117
78780
99432
12450
45296
83305
65804
46250
11921
63665
71434
89656
74349
71869
24929
47080
64484
73331
53529
36662
98888
53040
94804
18714
50177
98670
34228
33618
32346
93541
55913
18072
3660
26862
92789
99955
24324
69634
47902
60681
24211
99393
95118
40049
80627
72846
23403
40742
25777
92727
28238
39704
43004
5459
18434
49949
79752
39972
63451
2981
69342
97628
94769
18603
28740
46620
37399
63783
69156
42840
99804
7008
97116
13622
67198
49631
50882
54645
55077
639
75410
3018
90947
79808
62581
92133
58310
14906
44271
62066
27992
16911
83174
27132
24916
8313
14378
42348
89348
98851
20261
6927
3195
25652
18080
97493
84364
16581
26287
9238
70533
64596
9530
64783
81772
95857
37065
42890
60117
73238
67116
26875
74365
64595
54308
59559
26278
35271
12593
34208
41295
59787
31001
28651
6926
5672
69138
19170
81709
90921
36972
8308
45343
3339
78078
22922
17405
48752
3147
71654
56258
21843
69489
97892
9151
63574
40366
14882
26171
82680
53231
76924
50859
52034
71446
41904
52938
128
91559
48960
10581
62957
95855
30293
56006
75750
2482
1312
84778
99713
70191
98365
6881
73431
49170
27857
34546
36764
6359
90482
9801
6960
51510
49509
74958
32813
14447
89921
76962
88833
3154
99731
38040
95158
31883
34908
36878
52524
88713
70229
78887
81928
83178
26803
33767
55269
60837
5604
34282
50985
69043
32729
33601
49715
18330
52190
19210
74448
54616
6884
36523
83149
88072
79168
67594
71975
86292
71021
25324
29886
8344
6348
41064
27496
95118
1900
19719
39138
59900
49188
93883
11648
24246
78236
46777
43398
56656
1420
80724
21199
91333
35452
91703
47370
39261
10155
81535
56614
48286
66604
38803
1026
89426
61994
96129
69478
36049
39308
17174
54992
20875
88979
89529
2599
68180
99040
84868
92748
75116
52210
51232
73870
81130
71118
33341
43900
8004
62999
73739
341
55614
66493
58424
97467
28205
41426
55397
48294
9734
50807
55015
21365
62663
17173
42072
14816
1730
15559
85975
19113
24162
20437
50082
67920
35867
89660
82223
95013
55187
4841
49346
26041
98086
39652
42541
88141
77946
86377
49386
95116
3297
94801
21902
22997
50244
39855
57899
89456
79666
49975
11717
93121
96613
28697
33934
99482
22989
17771
80993
68427
9627
26308
2327
97013
4236
95877
30473
66653
71184
35922
46498
17724
22678
2526
47808
90738
39766
97349
34952
78682
77434
10898
61923
50361
52650
3073
16184
22864
62515
39615
44487
97682
44499
72781
41696
76367
98211
92132
59902
43406
57441
79250
32227
30649
77497
63938
78416
63282
12624
89018
88289
73668
82733
20350
55684
93524
74596
29938
68756
48790
93408
75484
49942
91740
29997
81832
46543
71657
72511
97381
58048
96996
54242
15468
76223
89672
38911
23905
15027
80088
54823
80818
24459
1328
24799
21085
8028
26614
13449
92591
29846
65072
34795
83814
38465
44815
16669
94455
84185
88360
98260
79756
46531
75748
13607
22661
59883
17773
48762
52543
80028
10857
90735
66355
35419
35395
26597
60821
56608
63044
83434
18876
44977
39777
83845
68001
70845
37294
13241
5185
59026
15760
14839
3165
1756
62288
21955
35873
71675
86380
83488
44097
64223
14311
14971
28926
92195
61761
11057
38568
18595
11073
60894
12414
95771
46830
26755
70098
10973
20541
31571
51400
8175
7205
11770
46236
14527
19086
44426
14210
34051
55368
54852
22665
17969
31640
25824
58969
56216
39917
99417
27868
28410
85969
51319
7385
82150
41403
858
89435
16438
74561
71391
28944
42242
43722
71731
79757
86942
64322
71794
4303
96215
84711
96250
11068
22277
45728
24113
1416
6734
36909
27119
31316
54712
64921
77066
6928
6728
25036
55356
69889
3899
65885
41363
41278
69375
4581
52981
50100
46768
46958
95437
40042
42123
72171
20438
86431
38320
7745
48195
62222
56985
90083
21001
75508
3889
68667
14986
81576
61683
7716
77663
95721
56224
98453
3553
95062
27996
57688
85748
72086
64486
99320
15728
22327
46098
77112
97421
86324
85957
93057
56138
75632
48076
75060
57562
71871
97146
22365
72972
33060
19708
79816
69302
56053
2522
26349
68701
29275
88300
75175
8036
25941
69590
8995
14958
69692
29218
23188
32689
50688
84313
79203
44058
48850
98909
86147
86294
52507
3270
86563
81828
81673
27447
30044
38357
68874
27356
63306
84093
56177
11523
30456
31737
16534
40628
64468
45436
30682
46957
85249
22232
94184
90559
16715
13510
83798
4895
5622
83154
19083
10409
56719
76998
8315
1112
87716
55952
4493
83675
70415
21267
54045
94324
7885
13575
51166
58002
21965
14830
36311
73833
71493
53173
85390
62379
89310
91394
8995
87045
69103
48960
86867
88120
98247
28325
49021
59187
63876
82108
86752
65738
87776
5395
86211
38229
26603
7299
95983
79591
47924
37623
94135
74024
42657
13884
89144
87826
66911
27844
39451
42693
36147
92662
88983
72071
64558
59669
78771
75547
98495
86443
79241
56829
97186
79091
22822
38776
91446
88000
1902
31940
29837
173
7933
83455
73628
37153
11944
75335
82642
3230
12098
48465
55046
90343
92155
69833
68873
34796
31426
65894
90170
56499
94538
2377
45112
7877
74443
95954
61810
6738
60096
56991
95418
10113
39022
43266
68441
49048
97924
89118
68060
9381
67485
26526
36619
29095
27394
25810
55386
63932
41645
47431
66489
33607
8585
88673
29414
18205
40949
31767
92866
33645
76039
72492
36641
71946
42221
46629
37819
20022
44238
30252
10464
72620
72400
99552
3976
77578
75570
89015
42439
43897
90233
15505
16768
1787
14441
50778
11761
97264
92393
27195
65804
33221
54889
38877
91141
18042
78047
4252
26343
70765
30540
32324
90466
87496
88766
94507
47487
74148
6286
89035
12212
4441
20522
91610
69234
40675
62925
33191
79323
5202
14218
31698
4882
26222
90952
58089
59307
31237
81319
3099
53089
94771
20705
64411
19622
39501
18059
64083
12341
25322
2458
16738
39715
86254
94659
4692
46932
29588
60891
47004
64874
67383
98909
95888
32568
67389
68490
93313
31573
70017
24234
22166
87437
74011
11344
3332
27505
22126
41052
91532
20237
54510
5499
78577
37498
90604
47977
47604
47946
81024
21782
65358
16161
46354
5765
5673
98916
93413
15665
55259
84105
40000
33963
86753
69166
23897
52575
60404
48837
61152
82133
98698
90957
44742
80787
73867
5052
13481
56223
63086
73528
43549
24769
11600
89093
91960
46983
92401
76056
86745
2531
93003
33739
47894
57551
81679
98313
47714
15569
77470
41833
33271
5433
960
16311
66245
83623
43781
41101
16759
15337
4886
66082
68702
93474
71287
24793
40348
78343
77179
32602
60591
43107
98532
28605
1753
61210
21238
18370
24104
30474
30262
10366
88166
64461
69156
64784
79775
32891
76018
97074
234
64909
64896
56683
10807
30428
64182
50465
38292
47016
7549
71276
41499
92436
86938
98021
81115
62447
92552
20189
257
42190
97265
68042
86946
20020
34632
75036
41160
66963
1318
77102
27032
78892
71648
42584
9052
23955
5505
47777
69233
43982
28329
93618
89487
80444
4770
72646
96848
14834
55674
55581
87327
49088
88738
44464
74847
78931
52226
43615
32533
5427
92822
77317
84467
12589
74954
74253
71649
10795
43533
26814
19114
66398
12117
17234
17664
87934
61199
27428
59245
87240
68032
87976
59672
43238
90301
66100
52048
97261
91908
36124
45720
45888
91862
55324
14639
86065
16369
19566
36603
58312
4685
34843
43921
64444
73011
14446
82083
63166
60309
13060
19462
34069
206
52768
7263
37347
64791
42875
31594
8135
86467
61784
6791
15644
